100.860
100.860
100.861
100.861
100.861
100.861
100.861
100.861
100.861
100.861
100.861
100.861
100.861
100.861
100.861
100.861
100.860
100.860
100.860
100.860
100.860
100.859
100.859
100.859
100.858
100.858
100.858
100.857
100.857
100.856
100.856
100.855
100.855
100.854
100.853
100.853
100.852
100.852
100.851
100.850
100.850
100.849
100.848
100.848
100.847
100.847
100.846
100.845
100.845
100.844
100.843
100.843
100.842
100.841
100.841
100.840
100.839
100.839
100.838
100.837
100.837
100.836
100.835
100.834
100.833
100.833
100.832
100.831
100.830
100.830
100.829
100.828
100.827
100.827
100.826
100.825
100.825
100.824
100.823
100.822
100.822
100.821
100.820
100.820
100.819
100.818
100.817
100.817
100.816
100.815
100.815
100.814
100.813
100.813
100.812
100.811
100.810
100.810
100.809
100.808
100.807
100.807
100.806
100.805
100.804
100.803
100.803
100.802
100.801
100.800
100.799
100.799
100.798
100.797
100.796
100.795
100.794
100.793
100.793
100.792
100.791
100.790
100.789
100.789
100.788
100.787
100.786
100.785
100.784
100.784
100.783
100.782
100.781
100.781
100.780
100.779
100.778
100.777
100.776
100.776
100.775
100.774
100.773
100.773
100.772
100.771
100.770
100.770
100.769
100.768
100.767
100.767
100.766
100.765
100.764
100.764
100.763
100.762
100.761
100.761
100.760
100.759
100.759
100.758
100.757
100.756
100.755
100.755
100.754
100.753
100.752
100.752
100.751
100.750
100.749
100.749
100.748
100.747
100.746
100.746
100.745
100.744
100.743
100.742
100.741
100.740
100.740
100.739
100.738
100.737
100.736
100.736
100.735
100.734
100.733
100.732
100.731
100.730
100.730
100.729
100.728
100.727
100.727
100.726
100.725
100.725
100.724
100.724
100.723
100.723
100.722
100.722
100.722
100.721
100.721
100.721
100.720
100.720
100.720
100.719
100.719
100.719
100.718
100.718
100.718
100.718
100.717
100.717
100.717
100.717
100.717
100.717
100.717
100.716
100.716
100.716
100.716
100.716
100.716
100.716
100.716
100.716
100.716
100.715
100.715
100.715
100.715
100.715
100.715
100.715
100.715
100.715
100.715
100.715
100.715
100.715
100.715
100.714
100.714
100.714
100.714
100.714
100.714
100.714
100.714
100.714
100.714
100.714
100.714
100.714
100.714
100.714
100.714
100.714
100.714
100.714
100.714
100.714
100.714
100.714
100.714
100.714
100.714
100.714
100.714
100.714
100.714
100.714
100.714
100.714
100.714
100.714
100.714
100.714
100.715
100.715
100.715
100.715
100.715
100.715
100.715
100.715
100.715
100.715
100.715
100.715
100.715
100.715
100.715
100.715
100.715
100.716
100.715
100.715
100.716
100.716
100.716
100.715
100.716
100.716
100.716
100.716
100.716
100.716
100.716
100.716
100.716
100.716
100.715
100.715
100.715
100.715
100.715
100.715
100.715
100.714
100.714
100.714
100.714
100.714
100.714
100.714
100.714
100.714
100.714
100.714
100.714
100.714
100.714
100.714
100.714
100.714
100.714
100.714
100.714
100.714
100.714
100.714
100.714
100.714
100.714
100.714
100.714
100.715
100.715
100.715
100.715
100.715
100.716
100.716
100.716
100.716
100.716
100.716
100.717
100.717
100.717
100.717
100.718
100.718
100.719
100.719
100.719
100.720
100.720
100.720
100.721
100.721
100.721
100.722
100.722
100.722
100.723
100.723
100.723
100.724
100.724
100.725
100.725
100.726
100.726
100.727
100.727
100.727
100.728
100.728
100.729
100.729
100.730
100.730
100.731
100.731
100.732
100.733
100.733
100.734
100.734
100.734
100.735
100.735
100.736
100.736
100.737
100.737
100.738
100.739
100.739
100.740
100.740
100.741
100.742
100.742
100.743
100.743
100.744
100.745
100.745
100.746
100.746
100.747
100.748
100.748
100.749
100.749
100.750
100.750
100.751
100.752
100.752
100.753
100.753
100.754
100.754
100.755
100.755
100.756
100.757
100.757
100.758
100.758
100.759
100.760
100.760
100.760
100.761
100.761
100.762
100.762
100.763
100.763
100.764
100.764
100.765
100.766
100.766
100.766
100.767
100.767
100.768
100.768
100.769
100.769
100.770
100.770
100.771
100.771
100.772
100.772
100.773
100.774
100.774
100.775
100.775
100.775
100.776
100.776
100.777
100.777
100.778
100.778
100.779
100.779
100.780
100.780
100.781
100.782
100.782
100.783
100.783
100.784
100.785
100.785
100.786
100.787
100.787
100.787
100.788
100.789
100.789
100.790
100.790
100.791
100.791
100.792
100.793
100.793
100.794
100.794
100.795
100.796
100.796
100.796
100.797
100.798
100.798
100.799
100.799
100.800
100.801
100.801
100.802
100.802
100.803
100.804
100.804
100.805
100.805
100.806
100.806
100.807
100.808
100.808
100.809
100.809
100.810
100.811
100.811
100.812
100.812
100.813
100.814
100.814
100.815
100.815
100.816
100.816
100.817
100.817
100.818
100.819
100.819
100.820
100.820
100.821
100.821
100.822
100.822
100.822
100.823
100.823
100.823
100.824
100.825
100.825
100.826
100.826
100.827
100.827
100.828
100.828
100.829
100.829
100.829
100.830
100.831
100.831
100.831
100.832
100.832
100.833
100.834
100.834
100.835
100.835
100.836
100.836
100.837
100.837
100.838
100.838
100.838
100.839
100.840
100.840
100.840
100.841
100.841
100.842
100.842
100.843
100.843
100.844
100.844
100.845
100.846
100.846
100.847
100.847
100.848
100.848
100.849
100.850
100.850
100.851
100.851
100.852
100.853
100.853
100.854
100.854
100.855
100.855
100.855
100.856
100.856
100.857
100.857
100.857
100.858
100.858
100.858
100.859
100.859
100.859
100.859
100.860
100.860
100.860
100.860
100.861
100.861
100.861
100.861
100.861
100.862
100.862
100.862
100.862
100.862
100.862
100.862
100.863
100.863
100.863
100.863
100.863
100.863
100.863
100.863
100.863
100.863
100.863
100.863
100.863
100.863
100.863
100.863
100.863
100.863
100.863
100.863
100.863
100.863
100.863
100.863
100.863
100.864
100.864
100.864
100.864
100.864
100.864
100.864
100.864
100.864
100.864
100.864
100.864
100.864
100.864
100.864
100.864
100.864
100.864
100.865
100.864
100.864
100.864
100.864
100.864
100.864
100.864
100.864
100.864
100.864
100.864
100.865
100.865
100.865
100.865
100.865
100.865
100.865
100.865
100.865
100.865
100.865
100.865
100.865
100.865
100.865
100.865
100.865
100.865
100.865
100.864
100.865
100.865
100.865
100.865
100.865
100.865
100.865
100.865
100.865
100.865
100.865
100.865
100.865
100.865
100.865
100.865
100.865
100.865
100.865
100.865
100.865
100.865
100.864
100.864
100.864
100.864
100.864
100.864
100.864
100.864
100.864
100.864
100.864
100.864
100.864
100.864
100.864
100.864
100.864
100.864
100.864
100.864
100.864
100.864
100.864
100.864
100.864
100.864
100.864
100.864
100.864
100.864
100.864
100.864
100.864
100.864
100.864
100.864
100.864
100.864
100.865
100.864
100.864
100.864
100.864
100.864
100.864
100.864
100.864
100.864
100.864
100.864
100.864
100.863
100.863
100.863
100.862
100.862
100.862
100.862
100.861
100.861
100.861
100.860
100.860
100.859
100.859
100.859
100.858
100.857
100.857
100.856
100.856
100.855
100.855
100.854
100.853
100.853
100.852
100.852
100.851
100.850
100.850
100.849
100.848
100.848
100.847
100.846
100.846
100.845
100.844
100.844
100.843
100.842
100.842
100.841
100.840
100.839
100.838
100.838
100.837
100.836
100.836
100.835
100.835
100.834
100.833
100.832
100.832
100.831
100.830
100.829
100.829
100.828
100.827
100.827
100.826
100.826
100.825
100.824
100.823
100.823
100.822
100.821
100.821
100.820
100.819
100.818
100.818
100.817
100.816
100.815
100.815
100.814
100.813
100.813
100.812
100.811
100.810
100.810
100.809
100.808
100.807
100.807
100.806
100.805
100.805
100.804
100.803
100.802
100.801
100.801
100.800
100.799
100.798
100.798
100.797
100.796
100.795
100.794
100.793
100.792
100.791
100.790
100.790
100.789
100.788
100.787
100.787
100.786
100.785
100.784
100.783
100.782
100.781
100.781
100.780
100.779
100.778
100.777
100.776
100.775
100.775
100.774
100.773
100.772
100.771
100.771
100.770
100.769
100.769
100.768
100.767
100.766
100.766
100.765
100.764
100.764
100.763
100.762
100.762
100.761
100.760
100.759
100.758
100.758
100.757
100.756
100.756
100.755
100.754
100.753
100.753
100.752
100.751
100.751
100.750
100.749
100.749
100.748
100.747
100.746
100.746
100.745
100.744
100.743
100.742
100.742
100.741
100.740
100.739
100.738
100.737
100.737
100.736
100.735
100.734
100.733
100.732
100.732
100.731
100.730
100.730
100.729
100.728
100.728
100.727
100.727
100.726
100.726
100.725
100.725
100.725
100.724
100.724
100.724
100.723
100.723
100.723
100.722
100.722
100.722
100.722
100.721
100.721
100.721
100.721
100.721
100.720
100.720
100.720
100.720
100.720
100.720
100.720
100.720
100.720
100.720
100.719
100.719
100.719
100.719
100.719
100.719
100.719
100.719
100.719
100.719
100.719
100.719
100.718
100.718
100.718
100.718
100.718
100.718
100.718
100.718
100.718
100.718
100.718
100.718
100.717
100.717
100.717
100.717
100.717
100.717
100.717
100.717
100.717
100.717
100.717
100.717
100.717
100.717
100.717
100.717
100.717
100.717
100.717
100.717
100.717
100.717
100.717
100.717
100.717
100.717
100.717
100.717
100.717
100.717
100.717
100.717
100.717
100.717
100.717
100.717
100.717
100.718
100.717
100.717
100.718
100.718
100.717
100.718
100.718
100.718
100.718
100.718
100.718
100.718
100.718
100.718
100.718
100.718
100.718
100.718
100.718
100.718
100.718
100.718
100.718
100.718
100.718
100.718
100.718
100.718
100.718
100.718
100.718
100.718
100.717
100.717
100.718
100.718
100.718
100.718
100.718
100.718
100.718
100.718
100.718
100.718
100.718
100.718
100.718
100.718
100.718
100.718
100.718
100.718
100.718
100.718
100.718
100.718
100.718
100.718
100.718
100.718
100.718
100.718
100.719
100.719
100.719
100.719
100.719
100.719
100.719
100.719
100.719
100.719
100.720
100.720
100.720
100.721
100.721
100.721
100.721
100.721
100.722
100.722
100.722
100.722
100.723
100.723
100.724
100.724
100.724
100.725
100.725
100.725
100.726
100.726
100.727
100.727
100.728
100.728
100.728
100.729
100.729
100.730
100.730
100.731
100.731
100.731
100.732
100.732
100.733
100.733
100.734
100.734
100.734
100.735
100.735
100.736
100.736
100.737
100.737
100.738
100.738
100.739
100.739
100.740
100.740
100.741
100.741
100.742
100.742
100.743
100.743
100.744
100.744
100.745
100.745
100.746
100.746
100.747
100.747
100.748
100.748
100.749
100.749
100.750
100.751
100.751
100.751
100.752
100.752
100.753
100.754
100.754
100.755
100.755
100.756
100.757
100.757
100.758
100.758
100.759
100.759
100.760
100.760
100.761
100.762
100.762
100.763
100.763
100.764
100.765
100.765
100.766
100.767
100.767
100.768
100.769
100.769
100.770
100.770
100.771
100.772
100.772
100.773
100.774
100.774
100.775
100.775
100.776
100.776
100.777
100.777
100.778
100.778
100.779
100.779
100.780
100.781
100.781
100.782
100.782
100.783
100.784
100.784
100.785
100.785
100.786
100.786
100.787
100.787
100.788
100.788
100.789
100.789
100.790
100.790
100.791
100.791
100.792
100.792
100.793
100.793
100.793
100.794
100.795
100.795
100.796
100.796
100.797
100.797
100.798
100.798
100.799
100.799
100.800
100.801
100.801
100.802
100.803
100.803
100.804
100.804
100.805
100.805
100.806
100.807
100.807
100.807
100.808
100.808
100.809
100.810
100.810
100.811
100.811
100.812
100.813
100.813
100.813
100.814
100.814
100.815
100.815
100.816
100.816
100.817
100.817
100.818
100.819
100.819
100.820
100.820
100.821
100.821
100.822
100.822
100.823
100.823
100.824
100.824
100.825
100.825
100.826
100.826
100.827
100.827
100.828
100.828
100.829
100.829
100.829
100.829
100.830
100.830
100.831
100.831
100.832
100.832
100.833
100.833
100.834
100.834
100.835
100.835
100.836
100.836
100.837
100.838
100.838
100.839
100.839
100.840
100.840
100.841
100.841
100.842
100.842
100.843
100.843
100.844
100.844
100.845
100.845
100.846
100.846
100.847
100.847
100.848
100.848
100.849
100.850
100.850
100.851
100.851
100.852
100.852
100.852
100.853
100.853
100.854
100.854
100.855
100.855
100.856
100.856
100.856
100.856
100.857
100.857
100.857
100.858
100.858
100.858
100.858
100.859
100.859
100.859
100.859
100.859
100.859
100.859
100.859
100.859
100.860
100.860
100.860
100.860
100.860
100.860
100.860
100.860
100.860
100.860
100.860
100.860
100.860
100.860
100.860
100.860
100.860
100.861
100.860
100.861
100.861
100.861
100.861
100.861
100.861
100.861
100.861
100.861
100.861
100.861
100.861
100.861
100.861
100.861
100.861
100.861
100.861
100.861
100.861
100.861
100.862
100.861
100.861
100.862
100.862
100.862
100.862
100.862
100.862
100.862
100.862
100.862
100.862
100.862
100.862
100.862
100.862
100.862
100.862
100.862
100.862
100.862
100.862
100.862
100.862
100.863
100.863
100.863
100.863
100.863
100.863
100.863
100.862
100.862
100.862
100.862
100.862
100.862
100.862
100.862
100.863
100.863
100.863
100.863
100.863
100.863
100.863
100.863
100.863
100.863
100.863
100.863
100.863
100.863
100.863
100.862
100.863
100.863
100.863
100.863
100.863
100.863
100.863
100.863
100.862
100.862
100.863
100.863
100.863
100.863
100.862
100.862
100.862
100.863
100.863
100.863
100.863
100.863
100.863
100.863
100.863
100.862
100.862
100.862
100.863
100.863
100.863
100.863
100.863
100.863
100.863
100.863
100.863
100.863
100.863
100.863
100.863
100.863
100.863
100.863
100.863
100.863
100.863
100.863
100.863
100.863
100.863
100.863
100.863
100.862
100.862
100.862
100.862
100.862
100.861
100.861
100.861
100.860
100.860
100.859
100.859
100.858
100.858
100.858
100.857
100.856
100.856
100.856
100.855
100.855
100.854
100.854
100.853
100.853
100.852
100.852
100.851
100.850
100.850
100.849
100.849
100.848
100.847
100.847
100.846
100.846
100.845
100.844
100.843
100.843
100.842
100.841
100.841
100.840
100.839
100.838
100.838
100.837
100.837
100.836
100.835
100.835
100.834
100.833
100.832
100.832
100.831
100.830
100.830
100.829
100.828
100.828
100.827
100.826
100.826
100.825
100.824
100.824
100.823
100.822
100.821
100.821
100.820
100.819
100.818
100.817
100.817
100.816
100.815
100.814
100.814
100.813
100.812
100.811
100.811
100.810
100.809
100.808
100.808
100.807
100.806
100.805
100.805
100.804
100.803
100.803
100.802
100.801
100.800
100.800
100.799
100.798
100.797
100.797
100.796
100.795
100.794
100.793
100.793
100.792
100.791
100.790
100.790
100.789
100.788
100.788
100.787
100.786
100.785
100.784
100.784
100.783
100.782
100.782
100.781
100.780
100.779
100.778
100.778
100.777
100.776
100.775
100.774
100.774
100.773
100.772
100.772
100.771
100.770
100.769
100.769
100.768
100.767
100.767
100.766
100.765
100.764
100.764
100.763
100.762
100.761
100.760
100.759
100.759
100.758
100.757
100.756
100.756
100.755
100.754
100.753
100.752
100.751
100.750
100.750
100.749
100.748
100.747
100.746
100.745
100.744
100.743
100.742
100.741
100.740
100.740
100.739
100.738
100.737
100.736
100.735
100.734
100.733
100.732
100.731
100.731
100.730
100.729
100.728
100.728
100.727
100.726
100.726
100.725
100.725
100.725
100.725
100.724
100.724
100.724
100.724
100.723
100.723
100.723
100.722
100.722
100.722
100.722
100.722
100.722
100.721
100.721
100.721
100.721
100.721
100.721
100.720
100.720
100.721
100.721
100.721
100.721
100.720
100.720
100.720
100.720
100.720
100.720
100.719
100.719
100.719
100.719
100.719
100.719
100.719
100.719
100.719
100.719
100.720
100.720
100.720
100.720
100.720
100.720
100.720
100.720
100.720
100.720
100.720
100.719
100.719
100.719
100.719
100.719
100.719
100.719
100.719
100.719
100.718
100.718
100.718
100.718
100.718
100.718
100.718
100.718
100.718
100.718
100.718
100.718
100.718
100.718
100.718
100.718
100.718
100.718
100.718
100.718
100.718
100.718
100.718
100.718
100.718
100.718
100.718
100.718
100.717
100.717
100.717
100.717
100.717
100.717
100.717
100.717
100.717
100.717
100.717
100.717
100.717
100.717
100.717
100.717
100.717
100.717
100.717
100.717
100.717
100.717
100.717
100.717
100.717
100.717
100.717
100.717
100.717
100.717
100.717
100.717
100.717
100.717
100.717
100.716
100.717
100.717
100.717
100.717
100.717
100.717
100.717
100.717
100.717
100.717
100.717
100.717
100.717
100.717
100.717
100.717
100.717
100.717
100.717
100.718
100.718
100.718
100.718
100.718
100.718
100.718
100.718
100.719
100.719
100.719
100.719
100.719
100.719
100.719
100.719
100.720
100.720
100.720
100.721
100.721
100.721
100.721
100.721
100.722
100.722
100.722
100.723
100.723
100.724
100.724
100.724
100.725
100.725
100.725
100.726
100.726
100.727
100.727
100.727
100.728
100.728
100.729
100.729
100.729
100.730
100.731
100.731
100.731
100.732
100.732
100.733
100.733
100.734
100.734
100.735
100.735
100.736
100.736
100.737
100.737
100.738
100.738
100.739
100.739
100.740
100.740
100.741
100.741
100.742
100.742
100.743
100.743
100.743
100.744
100.745
100.745
100.746
100.746
100.747
100.747
100.748
100.748
100.749
100.749
100.750
100.750
100.751
100.751
100.752
100.752
100.753
100.754
100.754
100.754
100.755
100.755
100.756
100.757
100.757
100.758
100.758
100.759
100.759
100.760
100.760
100.761
100.761
100.762
100.763
100.763
100.764
100.764
100.765
100.765
100.766
100.766
100.767
100.767
100.768
100.768
100.769
100.769
100.770
100.771
100.771
100.772
100.772
100.773
100.773
100.774
100.774
100.775
100.775
100.776
100.776
100.777
100.778
100.778
100.779
100.780
100.780
100.781
100.781
100.782
100.783
100.783
100.783
100.784
100.784
100.785
100.785
100.786
100.787
100.787
100.788
100.788
100.789
100.789
100.790
100.790
100.791
100.791
100.792
100.792
100.793
100.793
100.794
100.795
100.795
100.796
100.796
100.797
100.798
100.798
100.799
100.799
100.800
100.800
100.801
100.801
100.802
100.802
100.802
100.803
100.803
100.804
100.805
100.805
100.805
100.806
100.806
100.807
100.807
100.808
100.809
100.809
100.810
100.811
100.811
100.812
100.812
100.813
100.813
100.814
100.815
100.815
100.816
100.816
100.817
100.817
100.817
100.818
100.819
100.819
100.820
100.820
100.821
100.821
100.822
100.822
100.823
100.823
100.824
100.825
100.825
100.825
100.826
100.826
100.827
100.827
100.828
100.828
100.829
100.829
100.830
100.830
100.831
100.831
100.832
100.832
100.833
100.833
100.834
100.834
100.835
100.835
100.836
100.836
100.837
100.837
100.837
100.838
100.838
100.839
100.839
100.840
100.840
100.841
100.841
100.842
100.842
100.843
100.843
100.844
100.844
100.845
100.845
100.846
100.846
100.847
100.847
100.848
100.849
100.849
100.850
100.850
100.851
100.851
100.852
100.853
100.853
100.853
100.854
100.854
100.855
100.855
100.855
100.856
100.856
100.857
100.857
100.857
100.858
100.858
100.858
100.859
100.859
100.859
100.859
100.859
100.859
100.860
100.860
100.860
100.860
100.860
100.860
100.861
100.861
100.861
100.861
100.861
100.861
100.861
100.861
100.861
100.862
100.862
100.862
100.862
100.862
100.862
100.862
100.862
100.862
100.862
100.862
100.862
100.862
100.862
100.862
100.862
100.863
100.863
100.863
100.863
100.863
100.863
100.863
100.863
100.863
100.863
100.863
100.864
100.863
100.864
100.863
100.863
100.864
100.864
100.864
100.863
100.864
100.864
100.864
100.864
100.864
100.864
100.864
100.865
100.865
100.865
100.865
100.865
100.865
100.865
100.865
100.865
100.865
100.865
100.865
100.865
100.865
100.865
100.865
100.865
100.865
100.865
100.865
100.865
100.865
100.865
100.865
100.865
100.865
100.865
100.865
100.865
100.865
100.865
100.865
100.865
100.865
100.865
100.865
100.865
100.865
100.865
100.865
100.865
100.865
100.865
100.865
100.865
100.865
100.865
100.865
100.865
100.865
100.865
100.865
100.865
100.865
100.865
100.865
100.865
100.865
100.865
100.865
100.865
100.865
100.865
100.865
100.865
100.865
100.865
100.865
100.865
100.865
100.865
100.865
100.865
100.865
100.865
100.865
100.865
100.865
100.865
100.865
100.865
100.865
100.865
100.865
100.865
100.865
100.865
100.865
100.865
100.865
100.865
100.865
100.865
100.864
100.864
100.864
100.864
100.864
100.864
100.863
100.863
100.863
100.862
100.862
100.862
100.861
100.861
100.860
100.860
100.859
100.859
100.858
100.858
100.857
100.856
100.856
100.855
100.855
100.854
100.853
100.853
100.852
100.852
100.851
100.850
100.849
100.849
100.848
100.847
100.846
100.846
100.845
100.844
100.844
100.843
100.842
100.841
100.841
100.840
100.840
100.839
100.838
100.838
100.837
100.836
100.835
100.835
100.834
100.834
100.833
100.832
100.832
100.831
100.830
100.829
100.828
100.828
100.827
100.826
100.825
100.824
100.824
100.823
100.822
100.821
100.821
100.820
100.819
100.818
100.817
100.817
100.816
100.815
100.814
100.814
100.813
100.812
100.811
100.811
100.810
100.809
100.809
100.808
100.807
100.807
100.806
100.805
100.805
100.804
100.803
100.803
100.802
100.801
100.801
100.800
100.799
100.799
100.798
100.797
100.796
100.795
100.795
100.794
100.793
100.792
100.792
100.791
100.790
100.789
100.789
100.788
100.787
100.786
100.786
100.785
100.784
100.784
100.783
100.782
100.781
100.780
100.780
100.779
100.778
100.778
100.777
100.776
100.776
100.775
100.774
100.773
100.773
100.772
100.771
100.770
100.770
100.769
100.768
100.767
100.767
100.766
100.765
100.764
100.763
100.763
100.762
100.761
100.760
100.760
100.759
100.758
100.757
100.756
100.756
100.755
100.754
100.753
100.753
100.752
100.751
100.750
100.749
100.749
100.748
100.747
100.746
100.746
100.745
100.745
100.744
100.743
100.742
100.742
100.741
100.740
100.740
100.739
100.738
100.738
100.737
100.736
100.735
100.735
100.734
100.734
100.733
100.732
100.732
100.731
100.731
100.730
100.730
100.729
100.729
100.729
100.728
100.728
100.728
100.727
100.727
100.727
100.726
100.726
100.726
100.726
100.725
100.725
100.725
100.725
100.725
100.725
100.725
100.724
100.724
100.724
100.724
100.724
100.724
100.724
100.723
100.723
100.723
100.723
100.723
100.723
100.723
100.723
100.723
100.723
100.723
100.722
100.722
100.722
100.722
100.722
100.722
100.722
100.722
100.722
100.722
100.722
100.722
100.722
100.722
100.722
100.722
100.722
100.722
100.722
100.722
100.722
100.722
100.722
100.722
100.722
100.722
100.721
100.722
100.722
100.722
100.722
100.722
100.722
100.722
100.722
100.722
100.722
100.722
100.722
100.722
100.722
100.722
100.722
100.722
100.722
100.722
100.722
100.722
100.722
100.722
100.722
100.722
100.722
100.722
100.722
100.722
100.722
100.722
100.722
100.722
100.722
100.722
100.722
100.722
100.722
100.722
100.722
100.722
100.722
100.722
100.721
100.722
100.722
100.722
100.722
100.722
100.722
100.722
100.722
100.722
100.722
100.722
100.722
100.722
100.722
100.722
100.721
100.721
100.721
100.721
100.721
100.721
100.721
100.721
100.721
100.721
100.721
100.721
100.721
100.721
100.721
100.721
100.722
100.722
100.722
100.722
100.722
100.722
100.722
100.722
100.722
100.722
100.722
100.722
100.722
100.722
100.722
100.722
100.722
100.722
100.722
100.723
100.723
100.723
100.723
100.723
100.724
100.724
100.724
100.724
100.724
100.724
100.725
100.725
100.725
100.725
100.726
100.726
100.727
100.727
100.727
100.727
100.728
100.728
100.728
100.729
100.729
100.729
100.730
100.730
100.730
100.731
100.731
100.731
100.732
100.732
100.733
100.733
100.734
100.734
100.735
100.735
100.736
100.736
100.737
100.737
100.737
100.738
100.738
100.739
100.739
100.740
100.740
100.741
100.742
100.742
100.743
100.743
100.744
100.744
100.745
100.746
100.746
100.747
100.747
100.748
100.748
100.749
100.749
100.750
100.750
100.751
100.752
100.752
100.753
100.753
100.754
100.754
100.755
100.755
100.755
100.756
100.757
100.757
100.758
100.758
100.759
100.759
100.760
100.761
100.761
100.762
100.762
100.763
100.763
100.764
100.765
100.765
100.766
100.766
100.767
100.767
100.768
100.768
100.769
100.769
100.770
100.771
100.771
100.772
100.772
100.773
100.774
100.774
100.775
100.775
100.776
100.776
100.777
100.778
100.778
100.779
100.779
100.780
100.780
100.781
100.781
100.782
100.782
100.783
100.783
100.784
100.784
100.785
100.785
100.786
100.786
100.787
100.787
100.787
100.788
100.788
100.789
100.789
100.790
100.790
100.791
100.791
100.792
100.792
100.793
100.793
100.794
100.795
100.795
100.796
100.796
100.797
100.797
100.798
100.798
100.799
100.799
100.800
100.801
100.801
100.802
100.802
100.803
100.803
100.804
100.805
100.805
100.806
100.806
100.807
100.807
100.808
100.808
100.809
100.809
100.810
100.810
100.811
100.812
100.812
100.813
100.814
100.814
100.815
100.815
100.816
100.816
100.817
100.817
100.818
100.819
100.819
100.820
100.820
100.821
100.821
100.822
100.823
100.823
100.823
100.824
100.825
100.825
100.826
100.826
100.827
100.828
100.828
100.829
100.829
100.830
100.831
100.831
100.832
100.832
100.833
100.833
100.834
100.835
100.835
100.836
100.836
100.837
100.838
100.838
100.839
100.839
100.840
100.841
100.841
100.842
100.842
100.843
100.843
100.844
100.844
100.845
100.846
100.846
100.847
100.847
100.848
100.848
100.849
100.849
100.850
100.850
100.851
100.851
100.852
100.852
100.853
100.853
100.854
100.854
100.854
100.855
100.855
100.856
100.856
100.856
100.857
100.857
100.858
100.858
100.858
100.858
100.859
100.859
100.859
100.859
100.859
100.859
100.860
100.860
100.860
100.861
100.861
100.861
100.861
100.861
100.862
100.862
100.862
100.862
100.862
100.862
100.862
100.862
100.862
100.862
100.863
100.863
100.863
100.863
100.863
100.863
100.863
100.863
100.863
100.863
100.863
100.863
100.863
100.864
100.864
100.864
100.864
100.864
100.864
100.864
100.864
100.864
100.864
100.864
100.864
100.864
100.864
100.864
100.864
100.865
100.865
100.865
100.865
100.865
100.865
100.865
100.865
100.865
100.865
100.865
100.865
100.865
100.865
100.865
100.865
100.865
100.865
100.865
100.865
100.865
100.865
100.865
100.865
100.865
100.865
100.865
100.866
100.866
100.866
100.866
100.866
100.866
100.866
100.866
100.866
100.865
100.865
100.866
100.866
100.866
100.866
100.866
100.866
100.866
100.866
100.866
100.866
100.866
100.866
100.865
100.865
100.866
100.866
100.866
100.866
100.866
100.866
100.866
100.866
100.866
100.866
100.866
100.866
100.866
100.866
100.866
100.866
100.865
100.865
100.865
100.865
100.866
100.866
100.866
100.865
100.865
100.865
100.865
100.865
100.865
100.865
100.865
100.865
100.865
100.865
100.865
100.865
100.865
100.865
100.865
100.865
100.865
100.865
100.865
100.865
100.865
100.865
100.865
100.865
100.865
100.865
100.865
100.865
100.865
100.865
100.865
100.865
100.865
100.865
100.865
100.864
100.864
100.864
100.864
100.864
100.863
100.863
100.862
100.862
100.862
100.861
100.861
100.860
100.860
100.859
100.859
100.858
100.858
100.857
100.857
100.856
100.855
100.855
100.854
100.853
100.853
100.852
100.852
100.851
100.850
100.850
100.849
100.848
100.848
100.847
100.846
100.846
100.845
100.844
100.843
100.843
100.842
100.841
100.840
100.840
100.839
100.838
100.837
100.837
100.836
100.835
100.834
100.834
100.833
100.832
100.831
100.830
100.829
100.829
100.828
100.827
100.826
100.825
100.825
100.824
100.823
100.822
100.822
100.821
100.820
100.819
100.819
100.818
100.817
100.817
100.816
100.816
100.815
100.814
100.813
100.813
100.812
100.811
100.811
100.810
100.809
100.808
100.807
100.807
100.806
100.805
100.805
100.804
100.803
100.802
100.801
100.801
100.800
100.799
100.798
100.798
100.797
100.796
100.795
100.795
100.794
100.793
100.792
100.792
100.791
100.790
100.789
100.789
100.788
100.787
100.786
100.786
100.785
100.784
100.784
100.783
100.782
100.781
100.780
100.780
100.779
100.778
100.778
100.777
100.776
100.775
100.775
100.774
100.773
100.772
100.772
100.771
100.770
100.770
100.769
100.768
100.767
100.767
100.766
100.765
100.765
100.764
100.763
100.762
100.761
100.761
100.760
100.759
100.758
100.758
100.757
100.756
100.755
100.755
100.754
100.753
100.752
100.752
100.751
100.750
100.749
100.749
100.748
100.747
100.746
100.746
100.745
100.744
100.743
100.743
100.742
100.741
100.740
100.740
100.739
100.738
100.737
100.736
100.735
100.734
100.734
100.733
100.732
100.732
100.731
100.731
100.730
100.730
100.729
100.729
100.728
100.728
100.728
100.727
100.727
100.727
100.727
100.726
100.726
100.726
100.726
100.726
100.726
100.725
100.725
100.725
100.725
100.725
100.725
100.725
100.725
100.725
100.725
100.724
100.724
100.724
100.724
100.724
100.724
100.724
100.724
100.724
100.724
100.724
100.724
100.724
100.723
100.724
100.724
100.723
100.724
100.724
100.723
100.723
100.723
100.723
100.723
100.723
100.723
100.723
100.723
100.723
100.723
100.723
100.723
100.723
100.723
100.723
100.723
100.722
100.722
100.722
100.722
100.722
100.722
100.722
100.722
100.722
100.722
100.722
100.722
100.722
100.722
100.722
100.722
100.722
100.722
100.722
100.722
100.722
100.722
100.722
100.722
100.722
100.722
100.722
100.722
100.722
100.722
100.722
100.722
100.722
100.722
100.722
100.722
100.722
100.722
100.722
100.722
100.722
100.722
100.722
100.722
100.722
100.722
100.722
100.722
100.722
100.722
100.722
100.722
100.722
100.722
100.722
100.722
100.722
100.722
100.722
100.722
100.722
100.722
100.722
100.722
100.722
100.722
100.722
100.722
100.722
100.722
100.722
100.722
100.722
100.722
100.722
100.722
100.722
100.722
100.722
100.722
100.722
100.722
100.722
100.722
100.722
100.722
100.722
100.722
100.722
100.722
100.722
100.722
100.722
100.722
100.722
100.722
100.723
100.722
100.723
100.723
100.723
100.723
100.724
100.724
100.724
100.724
100.724
100.724
100.725
100.725
100.725
100.726
100.726
100.726
100.727
100.727
100.728
100.728
100.728
100.728
100.729
100.729
100.730
100.730
100.731
100.731
100.731
100.732
100.732
100.733
100.733
100.734
100.734
100.734
100.735
100.735
100.736
100.736
100.737
100.737
100.738
100.738
100.739
100.739
100.740
100.740
100.741
100.741
100.742
100.742
100.743
100.743
100.744
100.744
100.745
100.745
100.746
100.746
100.747
100.747
100.747
100.748
100.749
100.749
100.750
100.750
100.751
100.751
100.751
100.752
100.753
100.753
100.754
100.754
100.754
100.755
100.756
100.756
100.757
100.757
100.758
100.758
100.759
100.759
100.760
100.760
100.761
100.761
100.762
100.762
100.763
100.763
100.764
100.764
100.765
100.765
100.766
100.766
100.767
100.767
100.768
100.768
100.769
100.769
100.770
100.770
100.771
100.771
100.772
100.773
100.773
100.774
100.774
100.775
100.775
100.776
100.776
100.777
100.777
100.778
100.778
100.779
100.779
100.780
100.781
100.781
100.782
100.782
100.783
100.784
100.784
100.785
100.785
100.786
100.787
100.787
100.788
100.788
100.789
100.789
100.790
100.790
100.791
100.791
100.792
100.793
100.793
100.794
100.795
100.795
100.796
100.796
100.797
100.797
100.798
100.799
100.799
100.800
100.800
100.801
100.801
100.802
100.802
100.803
100.803
100.804
100.805
100.805
100.805
100.806
100.807
100.807
100.808
100.808
100.809
100.810
100.810
100.811
100.811
100.812
100.812
100.813
100.814
100.814
100.815
100.815
100.816
100.817
100.817
100.818
100.818
100.819
100.820
100.820
100.821
100.821
100.822
100.822
100.823
100.823
100.824
100.825
100.825
100.826
100.826
100.827
100.827
100.828
100.829
100.829
100.830
100.830
100.831
100.831
100.832
100.832
100.833
100.834
100.834
100.835
100.835
100.836
100.836
100.837
100.837
100.838
100.838
100.839
100.840
100.840
100.841
100.841
100.842
100.842
100.843
100.843
100.844
100.844
100.845
100.845
100.846
100.846
100.847
100.847
100.848
100.849
100.849
100.850
100.850
100.850
100.851
100.852
100.852
100.853
100.853
100.854
100.854
100.855
100.855
100.856
100.856
100.856
100.857
100.857
100.858
100.858
100.859
100.859
100.859
100.860
100.860
100.860
100.861
100.861
100.861
100.862
100.862
100.862
100.862
100.862
100.862
100.863
100.863
100.863
100.863
100.864
100.864
100.864
100.864
100.864
100.864
100.864
100.864
100.864
100.864
100.865
100.865
100.865
100.865
100.865
100.865
100.865
100.865
100.865
100.865
100.866
100.866
100.866
100.866
100.866
100.866
100.866
100.866
100.866
100.867
100.867
100.867
100.867
100.867
100.867
100.867
100.867
100.867
100.867
100.867
100.867
100.867
100.867
100.867
100.867
100.867
100.867
100.867
100.867
100.867
100.867
100.867
100.867
100.867
100.867
100.867
100.867
100.867
100.868
100.868
100.868
100.868
100.868
100.868
100.868
100.868
100.868
100.868
100.868
100.868
100.868
100.868
100.868
100.868
100.868
100.868
100.868
