100.919
100.928
100.928
100.923
100.918
100.921
100.922
100.928
100.921
100.920
100.926
100.918
100.917
100.910
100.916
100.914
100.919
100.915
100.915
100.917
100.914
100.917
100.907
100.919
100.914
100.909
100.910
100.920
100.908
100.903
100.904
100.905
100.914
100.902
100.901
100.909
100.903
100.910
100.895
100.894
100.902
100.899
100.894
100.893
100.905
100.890
100.897
100.896
100.900
100.894
100.901
100.895
100.896
100.890
100.889
100.893
100.890
100.896
100.894
100.888
100.880
100.885
100.883
100.885
100.885
100.878
100.880
100.882
100.877
100.888
100.880
100.883
100.870
100.882
100.869
100.867
100.876
100.878
100.873
100.867
100.873
100.868
100.859
100.874
100.869
100.856
100.862
100.871
100.866
100.853
100.857
100.864
100.863
100.862
100.861
100.857
100.865
100.861
100.861
100.852
100.857
100.863
100.848
100.854
100.842
100.849
100.850
100.856
100.840
100.846
100.856
100.851
100.848
100.841
100.843
100.848
100.845
100.844
100.843
100.835
100.842
100.839
100.837
100.830
100.839
100.837
100.836
100.845
100.829
100.834
100.836
100.833
100.833
100.835
100.832
100.831
100.826
100.828
100.830
100.828
100.818
100.827
100.822
100.817
100.827
100.806
100.824
100.825
100.819
100.819
100.822
100.815
100.820
100.812
100.817
100.810
100.811
100.816
100.821
100.811
100.815
100.803
100.809
100.811
100.806
100.806
100.795
100.797
100.805
100.807
100.804
100.796
100.790
100.792
100.798
100.799
100.797
100.801
100.795
100.793
100.795
100.793
100.797
100.792
100.794
100.792
100.791
100.789
100.795
100.785
100.792
100.789
100.784
100.786
100.782
100.793
100.782
100.784
100.779
100.778
100.789
100.783
100.777
100.775
100.786
100.781
100.780
100.782
100.778
100.784
100.780
100.776
100.784
100.777
100.784
100.783
100.780
100.783
100.784
100.773
100.775
100.777
100.772
100.775
100.773
100.776
100.782
100.780
100.777
100.782
100.785
100.777
100.771
100.779
100.783
100.787
100.781
100.776
100.775
100.783
100.777
100.782
100.767
100.782
100.775
100.786
100.779
100.776
100.793
100.782
100.780
100.778
100.788
100.777
100.780
100.770
100.785
100.774
100.778
100.780
100.782
100.777
100.779
100.787
100.783
100.781
100.785
100.782
100.770
100.774
100.773
100.785
100.777
100.782
100.772
100.781
100.777
100.785
100.769
100.781
100.789
100.784
100.775
100.783
100.784
100.776
100.787
100.773
100.777
100.790
100.780
100.788
100.777
100.779
100.783
100.772
100.779
100.777
100.775
100.779
100.778
100.784
100.774
100.783
100.775
100.774
100.779
100.779
100.783
100.780
100.784
100.779
100.783
100.787
100.775
100.788
100.787
100.781
100.776
100.785
100.770
100.779
100.801
100.777
100.782
100.778
100.781
100.784
100.780
100.783
100.775
100.772
100.773
100.776
100.782
100.788
100.777
100.784
100.776
100.778
100.777
100.781
100.771
100.778
100.782
100.780
100.780
100.780
100.782
100.775
100.774
100.773
100.772
100.779
100.781
100.787
100.777
100.777
100.785
100.787
100.787
100.785
100.786
100.779
100.779
100.781
100.784
100.791
100.786
100.777
100.781
100.789
100.778
100.797
100.778
100.789
100.789
100.785
100.790
100.782
100.791
100.779
100.786
100.785
100.789
100.797
100.798
100.790
100.788
100.793
100.792
100.787
100.792
100.797
100.789
100.797
100.793
100.790
100.803
100.796
100.792
100.796
100.805
100.801
100.798
100.806
100.799
100.790
100.800
100.807
100.802
100.797
100.804
100.804
100.803
100.803
100.813
100.807
100.799
100.814
100.810
100.810
100.807
100.804
100.808
100.810
100.807
100.810
100.813
100.818
100.806
100.818
100.807
100.818
100.815
100.818
100.815
100.817
100.818
100.811
100.815
100.815
100.811
100.826
100.816
100.818
100.823
100.819
100.822
100.810
100.814
100.822
100.816
100.824
100.828
100.822
100.832
100.825
100.827
100.826
100.831
100.832
100.827
100.831
100.832
100.823
100.830
100.840
100.833
100.823
100.833
100.833
100.838
100.830
100.831
100.840
100.834
100.846
100.841
100.840
100.833
100.845
100.842
100.847
100.844
100.846
100.842
100.852
100.836
100.848
100.839
100.848
100.849
100.843
100.843
100.844
100.848
100.849
100.850
100.850
100.847
100.858
100.851
100.853
100.852
100.859
100.853
100.845
100.850
100.846
100.854
100.860
100.843
100.851
100.864
100.858
100.856
100.853
100.858
100.858
100.860
100.856
100.867
100.862
100.863
100.871
100.853
100.861
100.874
100.872
100.865
100.871
100.872
100.865
100.871
100.874
100.873
100.867
100.871
100.873
100.865
100.869
100.874
100.872
100.873
100.875
100.868
100.876
100.881
100.883
100.875
100.883
100.880
100.880
100.882
100.878
100.877
100.881
100.874
100.877
100.888
100.881
100.885
100.877
100.882
100.872
100.886
100.887
100.884
100.882
100.884
100.881
100.878
100.883
100.894
100.894
100.883
100.886
100.891
100.892
100.889
100.889
100.892
100.889
100.896
100.906
100.901
100.901
100.896
100.894
100.895
100.900
100.901
100.898
100.893
100.904
100.893
100.898
100.895
100.893
100.906
100.905
100.907
100.899
100.900
100.911
100.902
100.913
100.898
100.904
100.917
100.916
100.915
100.907
100.909
100.919
100.911
100.914
100.907
100.913
100.904
100.913
100.914
100.918
100.922
100.911
100.910
100.909
100.918
100.911
100.918
100.926
100.927
100.923
100.925
100.922
100.911
100.918
100.922
100.919
100.910
100.924
100.930
100.922
100.923
100.930
100.918
100.928
100.924
100.922
100.923
100.924
100.930
100.922
100.928
100.923
100.923
100.923
100.925
100.929
100.922
100.930
100.922
100.928
100.915
100.925
100.930
100.922
100.930
100.918
100.934
100.922
100.922
100.929
100.926
100.928
100.923
100.929
100.922
100.925
100.919
100.927
100.916
100.924
100.924
100.925
100.924
100.917
100.919
100.917
100.933
100.920
100.935
100.919
100.922
100.917
100.921
100.922
100.930
100.928
100.926
100.920
100.926
100.927
100.929
100.922
100.927
100.921
100.931
100.915
100.921
100.922
100.928
100.919
100.920
100.929
100.932
100.919
100.932
100.932
100.923
100.927
100.920
100.934
100.927
100.922
100.929
100.931
100.926
100.926
100.931
100.909
100.926
100.920
100.936
100.923
100.925
100.921
100.926
100.924
100.919
100.933
100.929
100.927
100.930
100.923
100.933
100.930
100.916
100.921
100.932
100.920
100.926
100.935
100.924
100.924
100.923
100.932
100.926
100.930
100.934
100.926
100.915
100.928
100.927
100.940
100.920
100.917
100.926
100.926
100.934
100.925
100.925
100.918
100.928
100.929
100.930
100.929
100.920
100.924
100.926
100.928
100.918
100.927
100.924
100.929
100.910
100.922
100.918
100.923
100.917
100.925
100.923
100.931
100.925
100.922
100.929
100.922
100.929
100.921
100.926
100.931
100.922
100.924
100.922
100.925
100.922
100.922
100.930
100.914
100.920
100.923
100.930
100.915
100.919
100.924
100.917
100.920
100.925
100.916
100.919
100.919
100.917
100.919
100.917
100.911
100.907
100.914
100.912
100.908
100.913
100.911
100.911
100.905
100.910
100.911
100.909
100.909
100.908
100.907
100.901
100.903
100.907
100.911
100.898
100.896
100.895
100.896
100.905
100.889
100.900
100.895
100.899
100.891
100.896
100.893
100.897
100.894
100.886
100.895
100.891
100.888
100.887
100.891
100.882
100.887
100.893
100.886
100.883
100.887
100.884
100.879
100.880
100.888
100.883
100.880
100.877
100.879
100.877
100.869
100.883
100.879
100.878
100.866
100.866
100.877
100.870
100.873
100.865
100.871
100.866
100.870
100.874
100.864
100.871
100.859
100.869
100.865
100.874
100.866
100.857
100.857
100.858
100.856
100.855
100.857
100.845
100.851
100.855
100.846
100.847
100.849
100.848
100.845
100.848
100.844
100.847
100.850
100.844
100.848
100.851
100.844
100.839
100.848
100.847
100.838
100.844
100.835
100.842
100.844
100.836
100.838
100.839
100.831
100.835
100.841
100.832
100.834
100.835
100.828
100.834
100.822
100.822
100.826
100.825
100.819
100.828
100.822
100.819
100.819
100.827
100.817
100.825
100.828
100.818
100.818
100.824
100.812
100.825
100.816
100.814
100.810
100.818
100.810
100.807
100.818
100.807
100.814
100.821
100.804
100.798
100.802
100.806
100.811
100.799
100.804
100.803
100.809
100.796
100.805
100.803
100.793
100.797
100.793
100.796
100.795
100.796
100.802
100.800
100.788
100.783
100.796
100.793
100.792
100.786
100.789
100.785
100.789
100.790
100.788
100.786
100.788
100.779
100.781
100.782
100.787
100.782
100.789
100.787
100.777
100.783
100.777
100.780
100.782
100.773
100.786
100.780
100.781
100.780
100.779
100.780
100.782
100.779
100.785
100.782
100.779
100.781
100.772
100.776
100.781
100.782
100.777
100.781
100.783
100.780
100.774
100.783
100.778
100.778
100.771
100.781
100.772
100.770
100.782
100.782
100.780
100.785
100.783
100.775
100.770
100.775
100.775
100.774
100.778
100.771
100.784
100.779
100.783
100.771
100.786
100.771
100.782
100.786
100.776
100.781
100.780
100.775
100.783
100.779
100.774
100.781
100.776
100.788
100.782
100.770
100.777
100.784
100.773
100.789
100.772
100.778
100.787
100.777
100.778
100.778
100.773
100.778
100.781
100.779
100.778
100.777
100.784
100.784
100.783
100.788
100.787
100.781
100.781
100.776
100.783
100.779
100.782
100.774
100.778
100.776
100.781
100.785
100.787
100.779
100.782
100.770
100.780
100.776
100.786
100.778
100.782
100.777
100.776
100.784
100.780
100.772
100.776
100.779
100.780
100.785
100.772
100.779
100.776
100.784
100.777
100.774
100.777
100.785
100.777
100.782
100.778
100.770
100.771
100.773
100.779
100.774
100.779
100.783
100.776
100.771
100.774
100.779
100.773
100.787
100.778
100.782
100.787
100.786
100.776
100.774
100.781
100.778
100.784
100.775
100.773
100.784
100.780
100.786
100.774
100.791
100.778
100.780
100.781
100.786
100.776
100.788
100.788
100.772
100.781
100.785
100.786
100.789
100.777
100.781
100.782
100.799
100.786
100.781
100.800
100.787
100.783
100.789
100.793
100.790
100.785
100.787
100.793
100.795
100.793
100.797
100.794
100.789
100.792
100.788
100.794
100.796
100.801
100.796
100.795
100.795
100.804
100.798
100.803
100.809
100.808
100.813
100.802
100.807
100.801
100.808
100.798
100.804
100.798
100.807
100.811
100.807
100.810
100.805
100.796
100.812
100.817
100.807
100.817
100.812
100.811
100.807
100.813
100.816
100.810
100.822
100.810
100.813
100.809
100.813
100.816
100.818
100.817
100.814
100.822
100.828
100.826
100.817
100.819
100.823
100.825
100.823
100.821
100.825
100.822
100.836
100.817
100.824
100.829
100.822
100.820
100.824
100.825
100.828
100.831
100.832
100.828
100.831
100.831
100.835
100.821
100.836
100.838
100.826
100.832
100.833
100.845
100.835
100.839
100.834
100.840
100.836
100.845
100.829
100.835
100.838
100.836
100.841
100.844
100.842
100.849
100.838
100.838
100.843
100.849
100.847
100.844
100.847
100.843
100.842
100.840
100.845
100.843
100.850
100.836
100.854
100.859
100.849
100.849
100.858
100.852
100.854
100.860
100.844
100.858
100.854
100.861
100.860
100.862
100.859
100.857
100.855
100.854
100.859
100.859
100.855
100.861
100.858
100.865
100.867
100.864
100.866
100.872
100.859
100.867
100.859
100.856
100.864
100.867
100.865
100.860
100.872
100.876
100.862
100.866
100.877
100.878
100.877
100.872
100.876
100.884
100.866
100.880
100.883
100.870
100.873
100.870
100.876
100.880
100.882
100.871
100.880
100.881
100.874
100.881
100.889
100.880
100.887
100.889
100.885
100.884
100.888
100.887
100.885
100.890
100.887
100.888
100.882
100.892
100.886
100.883
100.887
100.894
100.891
100.892
100.898
100.881
100.890
100.901
100.900
100.896
100.901
100.902
100.900
100.884
100.899
100.906
100.893
100.903
100.896
100.902
100.894
100.903
100.902
100.907
100.898
100.907
100.904
100.898
100.909
100.905
100.908
100.914
100.916
100.910
100.914
100.916
100.907
100.914
100.907
100.906
100.915
100.911
100.915
100.917
100.908
100.914
100.921
100.916
100.915
100.909
100.910
100.929
100.917
100.925
100.915
100.925
100.912
100.924
100.918
100.919
100.924
100.918
100.925
100.923
100.921
100.919
100.928
100.920
100.922
100.929
100.923
100.924
100.924
100.925
100.930
100.922
100.928
100.921
100.928
100.924
100.923
100.925
100.923
100.931
100.927
100.917
100.928
100.918
100.921
100.919
100.916
100.923
100.925
100.930
100.929
100.926
100.918
100.925
100.928
100.916
100.928
100.926
100.930
100.928
100.932
100.922
100.938
100.928
100.919
100.922
100.920
100.925
100.917
100.925
100.927
100.921
100.919
100.924
100.924
100.928
100.925
100.927
100.929
100.929
100.929
100.923
100.935
100.931
100.925
100.923
100.927
100.923
100.919
100.931
100.927
100.924
100.924
100.925
100.926
100.929
100.933
100.932
100.935
100.918
100.913
100.931
100.927
100.918
100.917
100.919
100.921
100.918
100.918
100.921
100.929
100.923
100.929
100.918
100.931
100.925
100.928
100.923
100.926
100.928
100.922
100.927
100.929
100.921
100.921
100.933
100.925
100.921
100.931
100.918
100.925
100.927
100.927
100.929
100.931
100.928
100.928
100.925
100.918
100.925
100.925
100.923
100.920
100.929
100.926
100.920
100.926
100.924
100.925
100.932
100.930
100.930
100.919
100.929
100.924
100.922
100.928
100.925
100.931
100.928
100.925
100.922
100.923
100.931
100.926
100.926
100.932
100.926
100.925
100.926
100.921
100.934
100.925
100.930
100.922
100.931
100.924
100.932
100.927
100.922
100.928
100.922
100.928
100.921
100.931
100.927
100.926
100.926
100.928
100.922
100.932
100.915
100.927
100.926
100.927
100.928
100.920
100.928
100.914
100.911
100.915
100.918
100.916
100.916
100.913
100.915
100.910
100.919
100.918
100.907
100.914
100.910
100.904
100.907
100.905
100.907
100.908
100.910
100.899
100.898
100.904
100.907
100.905
100.897
100.897
100.893
100.892
100.910
100.890
100.899
100.887
100.899
100.891
100.897
100.884
100.894
100.891
100.888
100.893
100.888
100.894
100.896
100.895
100.882
100.891
100.887
100.879
100.876
100.886
100.877
100.876
100.880
100.883
100.883
100.876
100.875
100.880
100.875
100.879
100.879
100.879
100.868
100.864
100.880
100.869
100.872
100.875
100.866
100.867
100.864
100.867
100.860
100.865
100.862
100.860
100.862
100.865
100.864
100.856
100.851
100.860
100.849
100.859
100.858
100.856
100.860
100.850
100.861
100.853
100.846
100.850
100.850
100.848
100.848
100.848
100.847
100.845
100.840
100.847
100.837
100.851
100.839
100.838
100.846
100.840
100.837
100.836
100.829
100.835
100.834
100.839
100.841
100.840
100.834
100.830
100.842
100.833
100.828
100.829
100.830
100.824
100.827
100.827
100.828
100.827
100.821
100.824
100.823
100.830
100.823
100.823
100.818
100.811
100.817
100.814
100.810
100.807
100.814
100.812
100.811
100.817
100.815
100.807
100.810
100.805
100.812
100.803
100.811
100.811
100.807
100.810
100.805
100.801
100.812
100.815
100.802
100.801
100.794
100.799
100.802
100.791
100.802
100.800
100.791
100.796
100.790
100.791
100.785
100.795
100.789
100.786
100.786
100.782
100.795
100.785
100.787
100.784
100.783
100.788
100.785
100.782
100.772
100.780
100.783
100.786
100.798
100.783
100.785
100.785
100.787
100.780
100.788
100.779
100.785
100.777
100.786
100.781
100.785
100.778
100.780
100.780
100.781
100.785
100.785
100.783
100.776
100.790
100.779
100.777
100.790
100.779
100.777
100.777
100.786
100.777
100.779
100.780
100.786
100.780
100.778
100.779
100.778
100.782
100.786
100.773
100.773
100.775
100.779
100.782
100.783
100.787
100.784
100.779
100.778
100.771
100.778
100.776
100.776
100.778
100.778
100.785
100.781
100.784
100.780
100.778
100.782
100.784
100.784
100.791
100.779
100.772
100.781
100.779
100.783
100.779
100.779
100.776
100.777
100.780
100.786
100.784
100.783
100.775
100.783
100.776
100.786
100.778
100.779
100.779
100.783
100.777
100.786
100.785
100.784
100.785
100.779
100.780
100.779
100.776
100.783
100.789
100.786
100.783
100.777
100.779
100.777
100.781
100.785
100.789
100.786
100.782
100.785
100.783
100.780
100.785
100.788
100.785
100.788
100.786
100.786
100.771
100.787
100.785
100.781
100.776
100.775
100.776
100.771
100.786
100.777
100.785
100.781
100.780
100.785
100.781
100.780
100.777
100.776
100.787
100.784
100.789
100.780
100.779
100.783
100.777
100.769
100.785
100.773
100.782
100.780
100.792
100.782
100.779
100.783
100.778
100.777
100.775
100.774
100.778
100.780
100.781
100.791
100.786
100.774
100.783
100.789
100.779
100.780
100.792
100.791
100.786
100.781
100.791
100.784
100.790
100.783
100.784
100.787
100.792
100.792
100.793
100.791
100.788
100.791
100.800
100.793
100.795
100.794
100.804
100.802
100.793
100.796
100.788
100.793
100.800
100.803
100.804
100.796
100.794
100.802
100.796
100.797
100.800
100.800
100.797
100.806
100.804
100.798
100.800
100.802
100.806
100.804
100.813
100.801
100.811
100.804
100.806
100.803
100.812
100.814
100.815
100.804
100.808
100.815
100.810
100.808
100.816
100.809
100.812
100.814
100.812
100.815
100.817
100.814
100.816
100.821
100.812
100.817
100.816
100.824
100.822
100.823
100.819
100.816
100.814
100.815
100.825
100.830
100.825
100.821
100.824
100.830
100.820
100.821
100.825
100.822
100.826
100.821
100.828
100.832
100.827
100.825
100.841
100.827
100.829
100.833
100.829
100.833
100.831
100.835
100.834
100.845
100.845
100.837
100.828
100.835
100.844
100.836
100.839
100.833
100.844
100.844
100.840
100.845
100.839
100.848
100.845
100.839
100.839
100.846
100.845
100.837
100.839
100.852
100.848
100.846
100.844
100.853
100.853
100.847
100.853
100.852
100.855
100.854
100.855
100.858
100.861
100.848
100.847
100.858
100.855
100.863
100.853
100.857
100.859
100.859
100.859
100.869
100.864
100.864
100.858
100.857
100.865
100.867
100.864
100.861
100.863
100.865
100.863
100.871
100.867
100.873
100.869
100.871
100.872
100.875
100.866
100.869
100.877
100.875
100.874
100.874
100.874
100.872
100.879
100.885
100.874
100.878
100.881
100.881
100.883
100.883
100.877
100.885
100.878
100.885
100.878
100.878
100.876
100.880
100.885
100.888
100.883
100.887
100.893
100.889
100.887
100.891
100.888
100.883
100.893
100.893
100.894
100.891
100.893
100.896
100.885
100.900
100.889
100.890
100.894
100.900
100.889
100.889
100.890
100.897
100.895
100.897
100.902
100.898
100.901
100.902
100.902
100.907
100.916
100.899
100.907
100.902
100.911
100.911
100.901
100.911
100.912
100.908
100.904
100.907
100.906
100.911
100.912
100.901
100.910
100.911
100.913
100.911
100.916
100.908
100.909
100.912
100.922
100.927
100.915
100.915
100.917
100.912
100.921
100.922
100.914
100.925
100.925
100.926
100.926
100.923
100.932
100.926
100.921
100.929
100.924
100.921
100.936
100.924
100.920
100.922
100.928
100.922
100.921
100.919
100.919
100.919
100.924
100.927
100.922
100.920
100.925
100.929
100.925
100.926
100.921
100.921
100.927
100.924
100.924
100.924
100.925
100.924
100.929
100.928
100.935
100.931
100.929
100.928
100.927
100.928
100.930
100.931
100.932
100.925
100.929
100.926
100.931
100.927
100.919
100.928
100.929
100.931
100.914
100.924
100.928
100.933
100.923
100.928
100.928
100.931
100.930
100.926
100.925
100.932
100.925
100.918
100.925
100.930
100.934
100.924
100.927
100.927
100.928
100.929
100.918
100.929
100.933
100.925
100.925
100.922
100.927
100.922
100.929
100.915
100.923
100.930
100.927
100.933
100.925
100.927
100.928
100.931
100.928
100.931
100.926
100.929
100.929
100.916
100.928
100.921
100.925
100.923
100.925
100.922
100.925
100.935
100.929
100.920
100.928
100.921
100.930
100.925
100.934
100.932
100.923
100.919
100.927
100.927
100.929
100.925
100.924
100.927
100.930
100.928
100.926
100.927
100.927
100.931
100.922
100.926
100.927
100.936
100.932
100.925
100.930
100.929
100.932
100.933
100.926
100.924
100.923
100.935
100.929
100.932
100.923
100.934
100.924
100.929
100.918
100.934
100.926
100.927
100.928
100.926
100.926
100.922
100.917
100.928
100.922
100.923
100.922
100.934
100.921
100.927
100.924
100.920
100.920
100.930
100.929
100.928
100.926
100.921
100.933
100.923
100.922
100.924
100.930
100.925
100.923
100.927
100.923
100.921
100.920
100.919
100.927
100.922
100.919
100.911
100.926
100.912
100.908
100.907
100.915
100.918
100.918
100.915
100.911
100.907
100.909
100.919
100.913
100.912
100.911
100.902
100.918
100.902
100.908
100.899
100.903
100.897
100.897
100.903
100.897
100.902
100.894
100.894
100.902
100.899
100.897
100.900
100.890
100.893
100.874
100.886
100.889
100.887
100.891
100.889
100.887
100.894
100.887
100.887
100.882
100.884
100.879
100.888
100.881
100.878
100.882
100.880
100.874
100.870
100.880
100.876
100.869
100.871
100.872
100.869
100.868
100.870
100.866
100.862
100.862
100.874
100.863
100.863
100.863
100.866
100.867
100.869
100.865
100.856
100.858
100.866
100.858
100.859
100.864
100.860
100.850
100.858
100.862
100.854
100.857
100.849
100.847
100.851
100.861
100.852
100.845
100.852
100.851
100.844
100.847
100.846
100.836
100.838
100.842
100.848
100.849
100.847
100.849
100.844
100.845
100.841
100.838
100.834
100.834
100.842
100.835
100.827
100.831
100.820
100.826
100.824
100.828
100.831
100.834
100.828
100.823
100.827
100.822
100.828
100.826
100.815
100.829
100.820
100.821
100.822
100.813
100.821
100.818
100.819
100.825
100.815
100.816
100.819
100.816
100.811
100.816
100.810
100.807
100.812
100.807
100.806
100.801
100.799
100.800
100.810
100.812
100.804
100.797
100.801
100.800
100.801
100.802
100.803
100.799
100.799
100.796
100.793
100.806
100.786
100.800
100.786
100.790
100.790
100.790
100.792
100.792
100.786
100.789
100.782
100.785
100.781
100.782
100.789
100.776
100.783
100.785
100.786
100.790
100.793
100.783
100.774
100.791
100.783
100.793
100.787
100.782
100.789
100.778
100.782
100.785
100.791
100.787
100.782
100.781
100.782
100.782
100.790
100.782
100.782
100.781
100.784
100.776
100.789
100.788
100.796
100.784
100.782
100.786
100.780
100.787
100.783
100.773
100.775
100.780
100.783
100.775
100.779
100.785
100.783
100.779
100.785
100.786
100.787
100.782
100.775
100.774
100.778
100.777
100.791
100.778
100.783
100.789
100.779
100.782
100.778
100.784
100.775
100.781
100.788
100.781
100.781
100.781
100.780
100.777
100.778
100.791
100.788
100.777
100.781
100.779
100.791
100.774
100.776
100.777
100.779
100.772
100.783
100.780
100.780
100.779
100.779
100.784
100.786
100.773
100.778
100.783
100.778
100.785
100.784
100.786
100.785
100.781
100.774
100.769
100.779
100.784
100.791
100.772
100.779
100.782
100.783
100.777
100.789
100.785
100.783
100.790
100.787
100.778
100.783
100.786
100.788
100.778
100.774
100.781
100.785
100.782
100.778
100.776
100.777
100.775
100.782
100.782
100.774
100.777
100.785
100.783
100.790
100.776
100.781
100.784
100.786
100.782
100.780
100.780
100.779
100.778
100.777
100.778
100.776
100.788
100.783
100.777
100.779
100.770
100.793
100.776
100.784
100.784
100.783
100.779
100.778
100.780
100.786
100.784
100.781
100.778
100.791
100.777
100.778
100.786
100.783
100.796
100.791
100.782
100.789
100.780
100.790
100.787
100.788
100.785
100.782
100.792
100.784
100.791
100.782
100.791
100.790
100.795
100.794
100.783
100.790
100.798
100.790
100.793
100.800
100.796
100.791
100.799
100.790
100.806
100.803
100.797
100.800
100.802
100.796
100.811
100.806
100.797
100.803
100.812
100.801
100.810
100.804
100.801
100.805
100.807
100.806
100.806
100.807
100.799
100.813
100.811
100.810
100.810
100.814
100.808
100.807
100.812
100.817
100.814
100.810
100.818
100.818
100.810
100.819
100.818
100.817
100.822
100.816
100.823
100.820
100.828
100.822
100.824
100.813
100.825
100.827
100.825
100.827
100.831
100.828
100.824
100.818
100.831
100.818
100.833
100.828
100.836
100.831
100.835
100.828
100.836
100.835
100.836
100.835
100.839
100.838
100.841
100.834
100.837
100.835
100.834
100.838
100.838
100.833
100.846
100.831
100.837
100.846
100.833
100.839
100.846
100.846
100.841
100.844
100.847
100.840
100.843
100.849
100.847
100.846
100.850
100.846
100.846
100.852
100.848
100.849
100.859
100.845
100.864
100.854
100.856
100.852
100.857
100.856
100.851
100.852
100.859
100.856
100.860
100.859
100.866
100.854
100.856
100.860
100.857
100.865
100.867
100.857
100.855
100.872
100.867
100.866
100.866
100.865
100.866
100.873
100.870
100.871
100.870
100.872
100.873
100.868
100.877
100.880
100.866
100.877
100.873
100.869
100.876
100.871
100.869
100.876
100.878
100.877
100.888
100.869
100.887
100.882
100.874
100.886
100.883
100.886
100.881
100.880
100.878
100.881
100.887
100.886
100.884
100.882
100.891
100.884
100.889
100.889
100.889
100.883
100.886
100.895
100.895
100.892
100.892
100.888
100.900
100.897
100.892
100.895
100.902
100.894
100.899
100.903
100.897
100.900
100.906
100.897
100.909
100.897
100.901
100.903
100.912
100.906
100.903
100.903
100.900
100.898
100.896
100.909
100.911
100.911
100.908
100.911
100.907
100.908
100.907
100.908
100.909
100.912
100.913
100.916
100.913
100.910
100.909
100.920
100.915
100.921
100.921
100.923
100.913
100.915
100.920
100.925
100.916
100.913
100.916
100.921
100.917
100.922
100.917
100.927
100.918
100.921
100.923
100.917
100.925
100.925
100.914
100.922
100.922
100.920
100.933
100.928
100.925
100.924
100.921
100.925
100.926
100.921
100.921
100.929
100.921
100.925
100.924
100.924
100.924
100.926
100.929
100.918
100.924
100.923
100.924
100.917
100.938
100.928
100.922
100.936
100.926
100.938
100.926
100.930
100.918
100.938
100.929
100.929
100.926
100.932
100.929
100.930
100.932
100.919
100.927
100.929
100.921
100.930
100.931
100.932
100.932
100.925
100.926
100.928
100.926
100.923
100.923
100.934
100.922
100.924
100.922
100.929
100.927
100.929
100.926
100.924
100.921
100.931
100.937
100.933
100.925
100.931
100.928
100.922
100.932
100.930
100.929
100.925
100.925
100.921
100.925
100.923
100.929
100.928
100.923
100.925
100.928
100.928
100.929
100.927
100.931
100.922
100.934
100.930
100.925
100.925
100.925
100.926
100.923
100.930
100.928
100.927
100.928
100.935
100.932
100.921
100.928
100.929
100.933
100.935
100.928
100.934
100.926
100.928
100.932
100.924
100.927
100.923
100.923
100.932
100.924
100.923
100.936
100.921
100.928
100.923
100.925
100.931
100.924
100.932
100.935
100.922
100.931
100.923
100.922
100.924
100.935
100.929
100.932
100.918
100.922
100.928
100.932
100.930
100.934
100.929
100.934
100.925
100.930
100.927
100.926
100.922
100.928
100.935
100.939
100.923
100.926
100.927
100.933
100.924
100.928
100.931
100.930
100.933
100.933
100.922
100.922
100.934
100.918
100.923
100.917
100.920
100.921
100.918
100.922
100.920
100.919
100.913
100.922
100.922
100.914
100.907
100.915
100.909
100.920
100.906
100.920
100.916
100.918
100.905
100.910
100.909
100.909
100.916
100.903
100.898
100.899
100.916
100.901
100.902
100.905
100.899
100.891
100.899
100.901
100.906
100.892
100.895
100.894
100.897
100.903
100.886
100.898
100.888
100.888
100.895
100.885
100.886
100.888
100.878
100.883
100.883
100.881
100.889
100.882
100.880
100.887
100.878
100.880
100.878
100.876
100.884
100.875
100.879
100.872
100.870
100.875
100.873
100.875
100.871
100.873
100.860
100.873
100.878
100.870
100.868
100.869
100.872
100.861
100.857
100.871
100.863
100.860
100.864
100.870
100.858
100.863
100.861
100.861
100.857
100.860
100.859
100.850
100.851
100.858
100.840
100.846
100.846
100.844
100.848
100.850
100.858
100.845
100.853
100.854
100.851
100.848
100.847
100.839
100.850
100.835
100.842
100.831
100.846
100.835
100.843
100.841
100.840
100.839
100.834
100.830
100.833
100.830
100.833
100.828
100.830
100.831
100.823
100.833
100.829
100.825
100.833
100.824
100.831
100.822
100.826
100.827
100.818
100.818
100.821
100.823
100.817
100.819
100.822
100.810
100.818
100.811
100.815
100.818
100.806
100.811
100.796
100.811
100.807
100.804
100.810
100.799
100.803
100.807
100.801
100.807
100.800
100.808
100.792
100.800
100.798
100.799
100.798
100.796
100.803
100.800
100.803
100.801
100.790
100.799
100.791
100.793
100.788
100.794
100.786
100.802
100.781
100.793
100.785
100.789
100.787
100.787
100.787
100.779
100.786
100.775
100.781
100.785
100.782
100.786
100.787
100.785
100.778
100.782
100.790
100.778
100.788
100.781
100.779
100.787
100.779
100.793
100.776
100.784
100.786
100.779
100.782
100.786
100.786
100.785
100.781
100.776
100.788
100.777
100.782
100.784
100.782
100.779
100.782
100.773
100.776
100.780
100.782
100.780
100.772
100.782
100.786
100.782
100.787
100.784
100.784
100.777
100.789
100.786
100.788
100.784
100.793
100.788
100.787
100.781
100.780
100.783
100.783
100.779
100.786
100.773
100.789
100.783
100.781
100.787
100.784
100.791
100.773
100.780
100.784
100.777
100.784
100.779
100.777
100.770
100.780
100.781
100.785
100.780
100.773
100.787
100.787
100.781
100.779
100.773
100.781
100.782
100.774
100.787
100.788
100.777
100.774
100.781
100.782
100.786
100.788
100.781
100.783
100.781
100.786
100.781
100.789
100.788
100.778
100.780
100.790
100.782
100.788
100.784
100.780
100.776
100.785
100.779
100.781
100.785
100.778
100.781
100.786
100.776
100.781
100.786
100.783
100.772
100.785
100.790
100.784
100.783
100.778
100.784
100.782
100.773
100.787
100.785
100.783
100.782
100.788
100.780
100.781
100.783
100.783
100.786
100.786
100.782
100.784
100.781
100.781
100.784
100.783
100.788
100.779
100.783
100.778
100.777
100.787
100.785
100.784
100.778
100.783
100.783
100.789
100.776
100.786
100.786
100.790
100.786
100.788
100.787
100.777
100.785
100.791
100.787
100.787
100.788
100.786
100.796
100.786
100.786
100.795
100.782
100.790
100.786
100.792
100.798
100.792
100.799
100.796
100.791
100.802
100.801
100.798
100.793
100.796
100.801
100.803
100.794
100.803
100.793
100.793
100.807
100.796
100.802
100.805
100.804
100.808
100.800
100.811
100.805
100.814
100.811
100.815
100.811
100.809
100.813
100.824
100.819
100.815
100.808
100.816
100.811
100.812
100.816
100.810
100.812
100.817
100.817
100.817
100.815
100.813
100.819
100.819
100.827
100.819
100.819
100.817
100.809
100.824
100.818
100.831
100.820
100.817
100.830
100.827
100.824
100.817
100.838
100.833
100.827
100.821
100.830
100.832
100.826
100.836
100.832
100.832
100.832
100.836
100.825
100.836
100.836
100.835
100.836
100.833
100.836
100.836
100.840
100.844
100.835
100.838
100.842
100.836
100.836
100.835
100.842
100.840
100.849
100.836
100.848
100.845
100.837
100.850
100.850
100.851
100.850
100.852
100.841
100.850
100.850
100.844
100.850
100.852
100.851
100.848
100.854
100.859
100.860
100.857
100.854
100.852
100.852
100.861
100.852
100.862
100.852
100.863
100.855
100.861
100.860
100.866
100.866
100.862
100.868
100.865
100.855
100.870
100.864
100.867
100.870
100.874
100.877
100.867
100.864
100.870
100.861
100.870
100.878
100.873
100.865
100.878
100.879
100.876
100.876
100.870
100.871
100.872
100.878
100.878
100.871
100.878
100.879
100.878
100.877
100.883
100.881
100.884
100.881
100.886
100.887
100.881
100.884
100.888
100.892
100.891
100.883
100.890
100.887
100.888
100.890
100.884
100.893
100.885
100.896
100.899
100.891
100.889
100.886
100.903
100.894
100.893
100.890
100.904
100.898
100.893
100.907
100.895
100.902
100.894
100.895
100.907
100.898
100.903
100.906
100.909
100.899
100.903
100.904
100.906
100.899
100.900
100.901
100.909
100.906
100.909
100.913
100.900
100.916
100.909
100.910
100.916
100.913
100.908
100.917
100.908
100.911
100.912
100.919
100.917
100.912
100.918
100.914
100.918
100.911
100.920
100.913
100.922
100.918
100.915
100.926
100.919
100.918
100.922
100.918
100.922
100.925
100.934
100.935
100.920
100.926
100.924
100.933
100.922
100.924
100.934
100.925
100.921
100.919
100.922
100.914
100.922
100.914
100.924
100.926
100.933
100.931
100.923
100.922
100.921
100.930
100.928
100.929
100.925
100.928
100.932
100.921
100.927
100.933
100.934
100.929
100.924
100.927
100.930
100.927
100.928
100.926
100.927
100.937
100.928
100.926
100.925
100.925
100.928
100.924
100.925
100.929
100.920
100.925
100.939
100.924
100.937
100.923
100.931
100.930
100.928
100.929
100.925
100.931
100.930
100.934
100.932
100.928
100.940
100.925
100.923
100.935
100.933
100.932
100.928
100.927
100.928
100.925
100.929
100.926
100.928
100.928
100.930
100.926
100.921
100.924
100.929
100.922
100.938
100.923
100.926
100.922
100.926
100.930
100.919
100.927
100.921
100.926
100.922
100.922
100.925
100.926
100.930
100.931
100.929
100.929
100.929
