100.933
100.932
100.930
100.929
100.933
100.930
100.924
100.926
100.929
100.933
100.923
100.924
100.929
100.925
100.928
100.928
100.935
100.926
100.928
100.931
100.929
100.933
100.929
100.923
100.926
100.927
100.931
100.924
100.923
100.920
100.922
100.925
100.926
100.917
100.926
100.934
100.923
100.922
100.927
100.927
100.929
100.927
100.935
100.926
100.928
100.927
100.930
100.940
100.935
100.931
100.928
100.928
100.932
100.933
100.928
100.923
100.921
100.925
100.925
100.937
100.923
100.930
100.927
100.925
100.932
100.934
100.929
100.928
100.925
100.932
100.929
100.931
100.926
100.924
100.927
100.923
100.926
100.924
100.919
100.922
100.925
100.925
100.922
100.929
100.920
100.917
100.914
100.926
100.917
100.917
100.924
100.925
100.915
100.920
100.911
100.919
100.920
100.914
100.905
100.907
100.907
100.914
100.911
100.905
100.907
100.906
100.904
100.909
100.905
100.903
100.913
100.903
100.901
100.900
100.900
100.904
100.902
100.896
100.903
100.900
100.889
100.903
100.890
100.900
100.894
100.904
100.889
100.897
100.897
100.895
100.905
100.894
100.889
100.893
100.888
100.894
100.890
100.884
100.896
100.895
100.891
100.886
100.890
100.891
100.895
100.889
100.898
100.894
100.894
100.887
100.889
100.887
100.894
100.894
100.884
100.896
100.883
100.898
100.890
100.899
100.887
100.891
100.888
100.901
100.896
100.895
100.902
100.897
100.892
100.891
100.889
100.891
100.892
100.891
100.890
100.890
100.898
100.892
100.887
100.893
100.892
100.893
100.895
100.890
100.893
100.891
100.892
100.886
100.887
100.886
100.902
100.898
100.895
100.883
100.886
100.894
100.896
100.890
100.890
100.897
100.898
100.893
100.892
100.891
100.894
100.890
100.888
100.897
100.895
100.889
100.895
100.888
100.900
100.899
100.892
100.898
100.896
100.888
100.896
100.894
100.885
100.895
100.889
100.890
100.891
100.886
100.890
100.894
100.887
100.886
100.893
100.896
100.892
100.885
100.881
100.900
100.894
100.887
100.892
100.894
100.891
100.885
100.889
100.892
100.888
100.895
100.894
100.893
100.891
100.890
100.888
100.891
100.897
100.901
100.891
100.891
100.887
100.892
100.887
100.902
100.889
100.897
100.891
100.893
100.890
100.895
100.893
100.893
100.889
100.887
100.889
100.891
100.902
100.900
100.888
100.893
100.891
100.895
100.893
100.892
100.893
100.885
100.886
100.896
100.883
100.885
100.895
100.886
100.891
100.887
100.886
100.887
100.883
100.880
100.886
100.893
100.883
100.882
100.883
100.883
100.872
100.882
100.880
100.885
100.873
100.864
100.880
100.873
100.880
100.875
100.879
100.866
100.875
100.861
100.872
100.874
100.868
100.868
100.868
100.869
100.856
100.861
100.866
100.868
100.866
100.856
100.861
100.867
100.865
100.858
100.865
100.858
100.864
100.862
100.865
100.863
100.862
100.859
100.857
100.851
100.861
100.854
100.856
100.855
100.850
100.856
100.856
100.868
100.861
100.851
100.854
100.866
100.863
100.853
100.854
100.857
100.854
100.849
100.864
100.851
100.863
100.850
100.853
100.857
100.857
100.856
100.851
100.850
100.859
100.856
100.862
100.864
100.853
100.847
100.857
100.853
100.860
100.855
100.862
100.856
100.850
100.865
100.856
100.858
100.854
100.847
100.860
100.855
100.859
100.857
100.867
100.856
100.850
100.854
100.860
100.847
100.855
100.864
100.861
100.856
100.854
100.850
100.862
100.857
100.857
100.850
100.856
100.863
100.853
100.856
100.855
100.857
100.861
100.858
100.855
100.855
100.856
100.854
100.859
100.857
100.857
100.854
100.854
100.852
100.853
100.848
100.849
100.848
100.859
100.857
100.855
100.857
100.854
100.863
100.859
100.856
100.848
100.846
100.856
100.862
100.859
100.856
100.861
100.860
100.860
100.853
100.855
100.852
100.853
100.858
100.853
100.855
100.852
100.865
100.852
100.860
100.871
100.842
100.856
100.853
100.849
100.860
100.856
100.859
100.853
100.855
100.852
100.853
100.856
100.854
100.855
100.854
100.859
100.856
100.869
100.860
100.857
100.865
100.857
100.859
100.861
100.867
100.857
100.859
100.863
100.857
100.861
100.855
100.847
100.865
100.859
100.854
100.851
100.843
100.843
100.851
100.854
100.848
100.843
100.850
100.855
100.848
100.840
100.848
100.853
100.834
100.839
100.840
100.847
100.840
100.835
100.835
100.826
100.834
100.834
100.828
100.839
100.843
100.838
100.834
100.829
100.833
100.832
100.833
100.824
100.828
100.825
100.825
100.832
100.827
100.827
100.819
100.833
100.831
100.827
100.829
100.818
100.822
100.831
100.817
100.818
100.812
100.827
100.827
100.824
100.822
100.822
100.816
100.822
100.830
100.821
100.818
100.819
100.827
100.821
100.825
100.813
100.822
100.819
100.828
100.813
100.823
100.823
100.827
100.825
100.826
100.826
100.822
100.823
100.816
100.825
100.823
100.811
100.821
100.822
100.821
100.829
100.816
100.816
100.819
100.818
100.814
100.816
100.820
100.821
100.819
100.819
100.820
100.817
100.820
100.819
100.815
100.825
100.815
100.822
100.819
100.815
100.829
100.817
100.829
100.818
100.820
100.819
100.817
100.819
100.815
100.814
100.815
100.824
100.817
100.823
100.821
100.821
100.818
100.818
100.827
100.825
100.823
100.818
100.817
100.823
100.825
100.829
100.823
100.824
100.820
100.821
100.821
100.829
100.826
100.826
100.826
100.822
100.821
100.814
100.821
100.813
100.826
100.821
100.829
100.822
100.820
100.823
100.819
100.820
100.820
100.815
100.825
100.822
100.814
100.834
100.813
100.810
100.820
100.825
100.821
100.819
100.819
100.820
100.827
100.818
100.824
100.819
100.826
100.811
100.822
100.819
100.822
100.817
100.827
100.816
100.820
100.824
100.823
100.823
100.822
100.825
100.818
100.822
100.816
100.820
100.821
100.820
100.823
100.818
100.812
100.820
100.819
100.823
100.819
100.817
100.819
100.811
100.823
100.826
100.820
100.823
100.814
100.818
100.822
100.815
100.814
100.810
100.808
100.817
100.820
100.814
100.810
100.814
100.805
100.808
100.806
100.804
100.812
100.800
100.803
100.797
100.797
100.803
100.799
100.798
100.799
100.801
100.794
100.809
100.788
100.796
100.791
100.793
100.800
100.787
100.789
100.789
100.779
100.792
100.791
100.793
100.773
100.773
100.781
100.790
100.787
100.779
100.777
100.785
100.788
100.788
100.781
100.786
100.786
100.785
100.782
100.785
100.792
100.780
100.784
100.789
100.778
100.777
100.785
100.794
100.791
100.792
100.784
100.780
100.781
100.788
100.781
100.773
100.783
100.790
100.781
100.784
100.788
100.787
100.774
100.787
100.782
100.780
100.773
100.784
100.776
100.783
100.781
100.784
100.787
100.784
100.788
100.792
100.786
100.780
100.790
100.791
100.779
100.789
100.779
100.777
100.780
100.778
100.779
100.777
100.785
100.776
100.779
100.780
100.785
100.780
100.780
100.788
100.782
100.786
100.782
100.791
100.784
100.786
100.797
100.787
100.788
100.771
100.785
100.793
100.780
100.776
100.779
100.781
100.779
100.786
100.777
100.776
100.779
100.784
100.780
100.782
100.788
100.781
100.778
100.786
100.786
100.784
100.785
100.783
100.784
100.776
100.778
100.783
100.788
100.789
100.786
100.781
100.784
100.787
100.787
100.774
100.778
100.783
100.779
100.787
100.781
100.780
100.791
100.785
100.783
100.778
100.787
100.776
100.785
100.784
100.787
100.777
100.788
100.777
100.777
100.784
100.780
100.781
100.782
100.786
100.776
100.780
100.785
100.785
100.783
100.777
100.787
100.779
100.779
100.785
100.778
100.784
100.779
100.777
100.780
100.786
100.783
100.794
100.787
100.792
100.783
100.779
100.779
100.786
100.778
100.777
100.780
100.783
100.777
100.778
100.780
100.784
100.780
100.788
100.786
100.788
100.793
100.796
100.786
100.786
100.785
100.787
100.777
100.797
100.796
100.790
100.783
100.794
100.792
100.795
100.797
100.804
100.796
100.788
100.804
100.801
100.798
100.797
100.797
100.798
100.796
100.792
100.801
100.797
100.800
100.801
100.803
100.809
100.809
100.802
100.804
100.797
100.805
100.801
100.800
100.805
100.814
100.804
100.818
100.808
100.816
100.815
100.806
100.814
100.818
100.808
100.808
100.822
100.809
100.817
100.809
100.821
100.817
100.811
100.820
100.825
100.807
100.827
100.817
100.821
100.814
100.817
100.815
100.818
100.818
100.816
100.815
100.817
100.814
100.809
100.824
100.816
100.820
100.828
100.810
100.815
100.820
100.823
100.822
100.819
100.813
100.825
100.826
100.824
100.814
100.821
100.825
100.821
100.821
100.822
100.821
100.823
100.810
100.815
100.819
100.820
100.820
100.819
100.817
100.816
100.820
100.828
100.822
100.824
100.816
100.827
100.821
100.825
100.825
100.824
100.815
100.825
100.812
100.821
100.816
100.817
100.822
100.816
100.817
100.822
100.822
100.825
100.819
100.820
100.814
100.825
100.812
100.828
100.821
100.818
100.825
100.810
100.817
100.818
100.812
100.824
100.821
100.827
100.816
100.819
100.819
100.813
100.822
100.828
100.826
100.817
100.816
100.825
100.819
100.814
100.814
100.820
100.812
100.815
100.817
100.821
100.825
100.820
100.823
100.815
100.819
100.819
100.819
100.824
100.820
100.817
100.819
100.817
100.816
100.824
100.817
100.810
100.815
100.822
100.820
100.823
100.822
100.817
100.830
100.828
100.823
100.824
100.818
100.823
100.816
100.820
100.818
100.818
100.815
100.817
100.815
100.823
100.819
100.826
100.817
100.826
100.821
100.824
100.815
100.818
100.814
100.820
100.813
100.821
100.821
100.827
100.819
100.814
100.815
100.819
100.825
100.821
100.820
100.820
100.823
100.824
100.824
100.814
100.830
100.830
100.826
100.820
100.822
100.826
100.825
100.830
100.824
100.824
100.822
100.830
100.829
100.833
100.828
100.830
100.825
100.825
100.837
100.830
100.830
100.839
100.831
100.833
100.830
100.833
100.832
100.834
100.832
100.838
100.835
100.840
100.826
100.844
100.840
100.830
100.842
100.845
100.838
100.847
100.847
100.831
100.838
100.838
100.846
100.844
100.841
100.845
100.856
100.838
100.846
100.856
100.845
100.845
100.848
100.851
100.840
100.847
100.849
100.852
100.857
100.852
100.860
100.853
100.854
100.854
100.859
100.856
100.855
100.848
100.855
100.849
100.856
100.858
100.849
100.854
100.855
100.852
100.855
100.859
100.855
100.858
100.853
100.850
100.852
100.856
100.845
100.855
100.857
100.855
100.851
100.845
100.861
100.858
100.852
100.846
100.859
100.848
100.858
100.858
100.855
100.853
100.853
100.855
100.861
100.851
100.855
100.851
100.861
100.861
100.856
100.852
100.855
100.857
100.851
100.858
100.855
100.860
100.854
100.853
100.853
100.849
100.860
100.852
100.854
100.863
100.856
100.860
100.853
100.858
100.848
100.845
100.853
100.858
100.852
100.857
100.855
100.860
100.858
100.857
100.855
100.858
100.855
100.852
100.856
100.860
100.862
100.860
100.860
100.848
100.857
100.855
100.858
100.853
100.852
100.862
100.855
100.858
100.853
100.855
100.851
100.855
100.859
100.860
100.857
100.853
100.855
100.861
100.858
100.849
100.850
100.862
100.860
100.852
100.855
100.852
100.858
100.858
100.851
100.850
100.860
100.858
100.860
100.845
100.854
100.848
100.863
100.857
100.855
100.849
100.866
100.861
100.853
100.849
100.863
100.862
100.855
100.862
100.855
100.849
100.861
100.849
100.853
100.848
100.855
100.849
100.863
100.855
100.856
100.855
100.862
100.852
100.862
100.869
100.862
100.858
100.864
100.850
100.860
100.863
100.854
100.864
100.861
100.867
100.874
100.860
100.862
100.866
100.865
100.860
100.857
100.875
100.857
100.862
100.869
100.871
100.870
100.867
100.866
100.881
100.872
100.868
100.878
100.873
100.878
100.866
100.881
100.870
100.883
100.871
100.868
100.881
100.880
100.877
100.884
100.873
100.877
100.874
100.881
100.869
100.884
100.884
100.885
100.884
100.879
100.875
100.885
100.883
100.890
100.888
100.883
100.886
100.887
100.885
100.899
100.890
100.886
100.882
100.893
100.891
100.884
100.886
100.892
100.889
100.893
100.887
100.900
100.898
100.891
100.888
100.893
100.889
100.891
100.883
100.892
100.887
100.890
100.894
100.890
100.891
100.895
100.892
100.889
100.893
100.895
100.889
100.896
100.889
100.896
100.891
100.891
100.887
100.894
100.883
100.891
100.903
100.901
100.890
100.885
100.900
100.892
100.895
100.891
100.885
100.892
100.894
100.893
100.886
100.901
100.893
100.896
100.897
100.894
100.897
100.891
100.892
100.891
100.894
100.886
100.898
100.891
100.885
100.891
100.900
100.889
100.887
100.893
100.891
100.892
100.899
100.895
100.889
100.889
100.896
100.887
100.896
100.895
100.888
100.894
100.881
100.889
100.894
100.891
100.896
100.888
100.890
100.893
100.888
100.890
100.897
100.895
100.892
100.897
100.900
100.896
100.886
100.887
100.888
100.885
100.894
100.889
100.896
100.892
100.890
100.891
100.889
100.891
100.898
100.892
100.888
100.895
100.896
100.890
100.899
100.892
100.895
100.895
100.887
100.900
100.892
100.899
100.886
100.889
100.893
100.880
100.893
100.896
100.887
100.892
100.885
100.899
100.888
100.893
100.882
100.896
100.882
100.895
100.886
100.901
100.891
100.889
100.893
100.886
100.890
100.892
100.887
100.889
100.885
100.895
100.889
100.897
100.894
100.890
100.897
100.893
100.885
100.899
100.895
100.888
100.891
100.895
100.894
100.900
100.895
100.893
100.899
100.897
100.888
100.897
100.902
100.901
100.889
100.896
100.900
100.899
100.901
100.909
100.897
100.894
100.900
100.901
100.903
100.906
100.907
100.907
100.906
100.909
100.906
100.903
100.910
100.917
100.905
100.909
100.907
100.910
100.902
100.902
100.908
100.907
100.913
100.916
100.910
100.911
100.911
100.914
100.911
100.917
100.913
100.919
100.915
100.911
100.916
100.924
100.919
100.926
100.916
100.932
100.912
100.925
100.921
100.928
100.912
100.928
100.925
100.926
100.934
100.921
100.932
100.917
100.924
100.930
100.924
100.921
100.917
100.919
100.929
100.928
100.922
100.926
100.925
100.924
100.930
100.916
100.937
100.927
100.927
100.930
100.925
100.932
100.930
100.932
100.925
100.927
100.928
100.926
100.931
100.927
100.932
100.923
100.927
100.928
100.922
100.929
100.924
100.929
100.930
100.930
100.923
100.926
100.917
100.928
100.933
100.930
100.928
100.933
100.931
100.925
100.934
100.928
100.934
100.933
100.929
100.932
100.930
100.929
100.933
100.921
100.931
100.935
100.927
100.930
100.928
100.934
100.930
100.936
100.930
100.923
100.923
100.931
100.926
100.924
100.924
100.926
100.922
100.932
100.934
100.927
100.936
100.926
100.934
100.926
100.927
100.926
100.930
100.918
100.928
100.930
100.932
100.928
100.936
100.926
100.931
100.922
100.921
100.928
100.927
100.930
100.926
100.925
100.925
100.926
100.923
100.926
100.922
100.928
100.926
100.931
100.932
100.931
100.930
100.933
100.925
100.932
100.930
100.920
100.928
100.924
100.932
100.932
100.928
100.932
100.928
100.930
100.934
100.933
100.931
100.927
100.930
100.926
100.932
100.934
100.924
100.930
100.931
100.927
100.932
100.922
100.927
100.930
100.935
100.930
100.934
100.939
100.929
100.927
100.919
100.932
100.934
100.927
100.936
100.922
100.935
100.937
100.929
100.932
100.932
100.927
100.924
100.925
100.931
100.943
100.923
100.923
100.918
100.922
100.936
100.930
100.920
100.919
100.925
100.924
100.922
100.923
100.912
100.922
100.919
100.921
100.918
100.918
100.914
100.915
100.921
100.913
100.912
100.912
100.909
100.911
100.908
100.908
100.903
100.909
100.902
100.902
100.907
100.904
100.902
100.902
100.905
100.904
100.907
100.904
100.903
100.899
100.903
100.902
100.892
100.891
100.899
100.903
100.894
100.895
100.887
100.904
100.903
100.892
100.893
100.885
100.887
100.891
100.895
100.899
100.893
100.899
100.890
100.891
100.891
100.883
100.887
100.891
100.888
100.892
100.895
100.892
100.886
100.896
100.889
100.891
100.902
100.887
100.891
100.891
100.889
100.892
100.894
100.889
100.896
100.887
100.892
100.885
100.893
100.893
100.894
100.891
100.890
100.892
100.890
100.892
100.881
100.894
100.891
100.889
100.894
100.897
100.895
100.883
100.884
100.891
100.890
100.885
100.881
100.901
100.903
100.898
100.892
100.888
100.885
100.891
100.889
100.896
100.888
100.882
100.889
100.891
100.891
100.890
100.896
100.892
100.892
100.888
100.885
100.888
100.894
100.896
100.887
100.886
100.891
100.891
100.880
100.884
100.887
100.885
100.890
100.894
100.896
100.895
100.897
100.894
100.891
100.885
100.893
100.896
100.889
100.892
100.892
100.890
100.890
100.896
100.886
100.888
100.887
100.887
100.886
100.892
100.895
100.890
100.890
100.888
100.898
100.894
100.890
100.889
100.890
100.901
100.896
100.898
100.889
100.884
100.885
100.889
100.894
100.887
100.889
100.901
100.892
100.895
100.887
100.887
100.896
100.886
100.883
100.892
100.895
100.884
100.889
100.890
100.902
100.894
100.894
100.897
100.898
100.891
100.891
100.887
100.891
100.896
100.896
100.891
100.890
100.887
100.891
100.886
100.887
100.883
100.895
100.887
100.891
100.888
100.876
100.891
100.880
100.891
100.874
100.878
100.885
100.876
100.881
100.882
100.878
100.880
100.881
100.873
100.883
100.878
100.877
100.878
100.881
100.867
100.867
100.865
100.861
100.866
100.872
100.865
100.856
100.872
100.860
100.868
100.862
100.870
100.870
100.859
100.853
100.864
100.853
100.859
100.856
100.853
100.845
100.853
100.857
100.851
100.852
100.859
100.855
100.861
100.860
100.862
100.857
100.861
100.861
100.857
100.844
100.859
100.855
100.862
100.870
100.852
100.859
100.856
100.855
100.857
100.855
100.857
100.852
100.855
100.849
100.855
100.857
100.845
100.856
100.857
100.863
100.854
100.858
100.858
100.851
100.859
100.852
100.860
100.864
100.856
100.855
100.862
100.853
100.860
100.854
100.856
100.857
100.861
100.850
100.851
100.852
100.868
100.852
100.857
100.864
100.859
100.857
100.852
100.855
100.851
100.857
100.847
100.857
100.855
100.849
100.850
100.851
100.858
100.850
100.851
100.858
100.857
100.855
100.858
100.859
100.852
100.850
100.857
100.860
100.855
100.849
100.860
100.865
100.859
100.854
100.855
100.863
100.847
100.864
100.863
100.851
100.864
100.851
100.859
100.857
100.854
100.860
100.862
100.854
100.856
100.861
100.857
100.856
100.854
100.861
100.854
100.856
100.855
100.850
100.859
100.855
100.853
100.863
100.857
100.859
100.853
100.856
100.857
100.856
100.855
100.855
100.848
100.857
100.854
100.858
100.855
100.853
100.856
100.856
100.853
100.857
100.852
100.851
100.855
100.863
100.853
100.860
100.849
100.856
100.855
100.862
100.856
100.855
100.858
100.854
100.859
100.851
100.858
100.846
100.856
100.855
100.854
100.852
100.847
100.846
100.844
100.855
100.849
100.843
100.847
100.848
100.847
100.852
100.846
100.848
100.851
100.848
100.844
100.832
100.850
100.844
100.841
100.838
100.839
100.839
100.843
100.844
100.830
100.834
100.836
100.830
100.832
100.834
100.839
100.832
100.827
100.820
100.827
100.827
100.830
100.827
100.830
100.826
100.828
100.819
100.817
100.830
100.813
100.823
100.819
100.822
100.826
100.822
100.812
100.824
100.819
100.811
100.813
100.820
100.826
100.814
100.817
100.825
100.815
100.820
100.825
100.826
100.816
100.822
100.830
100.816
100.820
100.820
100.818
100.828
100.823
100.824
100.822
100.823
100.824
100.825
100.817
100.813
100.821
100.817
100.822
100.822
100.821
100.821
100.817
100.824
100.818
100.820
100.821
100.820
100.821
100.817
100.827
100.826
100.818
100.823
100.814
100.812
100.818
100.826
100.820
100.814
100.818
100.805
100.830
100.816
100.818
100.816
100.816
100.823
100.818
100.818
100.815
100.818
100.820
100.824
100.815
100.825
100.818
100.812
100.823
100.822
100.816
100.815
100.814
100.825
100.814
100.822
100.824
100.823
100.822
100.816
100.809
100.820
100.818
100.818
100.815
100.826
100.824
100.822
100.820
100.824
100.815
100.819
100.826
100.828
100.823
100.820
100.818
100.818
100.818
100.820
100.815
100.822
100.826
100.822
100.825
100.828
100.824
100.812
100.823
100.820
100.823
100.822
100.822
100.824
100.816
100.821
100.825
100.820
100.816
100.822
100.819
100.816
100.818
100.819
100.816
100.820
100.821
100.827
100.812
100.814
100.817
100.819
100.809
100.826
100.820
100.820
100.817
100.832
100.827
100.826
100.816
100.824
100.823
100.813
100.815
100.816
100.816
100.807
100.821
100.817
100.821
100.813
100.808
100.810
100.812
100.810
100.810
100.811
100.820
100.799
100.805
100.809
100.804
100.815
100.817
100.802
100.806
100.801
100.795
100.801
100.803
100.800
100.807
100.800
100.796
100.802
100.797
100.804
100.797
100.794
100.789
100.792
100.789
100.796
100.785
100.793
100.787
100.789
100.789
100.781
100.788
100.782
100.788
100.781
100.785
100.782
100.785
100.786
100.782
100.787
100.780
100.784
100.782
100.784
100.788
100.785
100.783
100.780
100.777
100.788
100.774
100.779
100.778
100.785
100.783
100.787
100.781
100.776
100.783
100.791
100.788
100.771
100.787
100.777
100.780
100.782
100.780
100.790
100.782
100.783
100.781
100.786
100.781
100.793
100.778
100.778
100.785
100.795
100.775
100.789
100.784
100.786
100.793
100.781
100.782
100.778
100.787
100.788
100.781
100.789
100.795
100.781
100.777
100.778
100.785
100.786
100.782
100.782
100.771
100.786
100.778
100.779
100.784
100.782
100.790
100.787
100.785
100.771
100.780
100.782
100.774
100.789
100.780
100.790
100.785
100.779
100.776
100.774
100.779
100.794
100.788
100.778
100.778
100.783
100.786
100.783
100.780
100.792
100.777
100.788
100.786
100.780
100.779
100.779
100.775
100.773
100.786
100.784
100.778
100.786
100.789
100.784
100.782
100.779
100.784
100.786
100.789
100.787
100.787
100.779
100.786
100.787
100.787
100.789
100.778
100.786
100.783
100.786
100.783
100.785
100.777
100.789
100.790
100.783
100.779
100.791
100.784
100.789
100.784
100.782
100.784
100.774
100.775
100.783
100.775
100.786
100.786
100.782
100.783
100.784
100.779
100.782
100.783
100.783
100.785
100.780
100.794
100.786
100.786
100.785
100.782
100.791
100.794
100.778
100.789
100.787
100.789
100.788
100.786
100.784
100.779
100.784
100.790
100.781
100.787
100.793
100.790
100.794
100.783
100.788
100.793
100.793
100.786
100.789
100.796
100.791
100.790
100.788
100.798
100.796
100.798
100.792
100.797
100.796
100.797
100.806
100.795
100.803
100.807
100.806
100.802
100.803
100.801
100.794
100.810
100.814
100.797
100.798
100.803
100.806
100.802
100.802
100.803
100.808
100.801
100.808
100.808
100.810
100.802
100.815
100.805
100.810
100.813
100.813
100.820
100.817
100.820
100.816
100.812
100.816
100.822
100.825
100.824
100.822
100.825
100.812
100.819
100.814
100.819
100.825
100.814
100.819
100.814
100.822
100.819
100.822
100.821
100.818
100.825
100.825
100.818
100.826
100.825
100.814
100.817
100.827
100.811
100.825
100.821
100.821
100.823
100.822
100.822
100.821
100.823
100.815
100.831
100.818
100.820
100.811
100.818
100.824
100.819
100.824
100.827
100.823
100.816
100.821
100.826
100.818
100.817
100.821
100.814
100.831
100.821
100.819
100.816
100.829
100.813
100.821
100.819
100.816
100.825
100.826
100.818
100.820
100.817
100.825
100.819
100.818
100.821
100.813
100.820
100.826
100.826
100.823
100.821
100.819
100.828
100.827
100.818
100.822
100.815
100.811
100.826
100.829
100.826
100.826
100.818
100.815
100.824
100.824
100.817
100.821
100.816
100.810
100.820
100.821
100.830
100.817
100.824
100.819
100.824
100.819
100.826
100.821
100.824
100.828
100.821
100.823
100.822
100.825
100.826
100.825
100.821
100.825
100.820
100.815
100.817
100.819
100.824
100.821
100.819
100.818
100.815
100.824
100.814
100.821
100.815
100.818
100.816
100.817
100.828
100.816
100.814
100.813
100.823
100.823
100.819
100.819
100.817
100.820
100.822
100.822
100.822
100.826
100.818
100.819
100.820
100.817
100.827
100.819
100.815
100.825
100.819
100.816
100.825
100.817
100.826
100.830
100.820
100.817
100.826
100.823
100.822
100.817
100.828
100.816
100.819
100.819
100.831
100.830
100.825
100.818
100.829
100.830
100.830
100.839
100.822
100.835
100.827
100.831
100.833
100.830
100.824
100.829
100.828
100.832
100.834
100.839
100.828
100.828
100.835
100.842
100.833
100.846
100.840
100.836
100.839
100.843
100.843
100.846
100.846
100.839
100.844
100.845
100.838
100.842
100.847
100.849
100.843
100.848
100.840
100.851
100.846
100.860
100.847
100.852
100.847
100.855
100.856
100.847
100.852
100.847
100.855
100.850
100.853
100.856
100.854
100.857
100.850
100.855
100.859
100.855
100.860
100.860
100.858
100.856
100.854
100.855
100.854
100.856
100.855
100.854
100.862
100.854
100.855
100.854
100.855
100.861
100.849
100.861
100.854
100.858
100.851
100.866
100.856
100.862
100.850
100.860
100.849
100.863
100.847
100.855
100.854
100.848
100.850
100.852
100.856
100.844
100.846
100.856
100.849
100.860
100.861
100.851
100.854
100.852
100.854
100.854
100.849
100.861
100.857
100.853
100.861
100.860
100.860
100.856
100.853
100.853
100.852
100.874
100.853
100.853
100.856
100.855
100.852
100.866
100.851
100.856
100.863
100.855
100.852
100.855
100.863
100.861
100.856
100.856
100.853
100.849
100.847
100.866
100.860
100.858
100.850
100.854
100.864
100.851
100.854
100.858
100.855
100.852
100.856
100.862
100.848
100.859
100.850
100.855
100.857
100.852
100.853
100.852
100.858
100.848
100.867
100.855
100.856
100.853
100.849
100.852
100.862
100.847
100.858
100.849
100.854
100.857
100.850
100.857
100.856
100.851
100.853
100.857
100.850
100.854
100.852
100.856
100.860
100.850
100.858
100.858
100.855
100.853
100.855
100.855
100.857
100.860
100.860
100.855
100.860
100.859
100.856
100.859
100.862
100.853
100.856
100.865
100.849
100.861
100.864
100.853
100.859
100.862
100.861
100.863
100.862
100.858
100.862
100.864
100.863
100.859
100.860
100.863
100.858
100.862
100.863
100.869
100.858
100.863
100.869
100.868
100.870
100.875
100.872
100.869
100.872
100.873
100.865
100.871
100.872
100.874
100.864
100.871
100.877
100.875
100.878
100.881
100.874
100.875
100.876
100.883
100.887
100.887
100.875
100.874
100.879
100.886
100.892
100.890
100.887
100.886
100.882
100.892
100.882
100.883
100.885
100.890
100.893
100.884
100.891
100.894
100.892
100.888
100.890
100.895
100.894
100.882
100.886
100.885
100.892
100.889
100.891
100.893
100.883
100.883
100.885
100.881
100.889
100.892
100.885
100.889
100.889
100.888
100.891
100.897
100.895
100.888
100.888
100.892
100.888
100.896
100.894
100.884
100.890
100.892
100.885
100.890
100.892
100.896
100.885
100.893
100.892
100.890
100.907
100.896
100.883
100.887
100.890
100.890
100.883
100.883
100.896
100.895
100.892
100.885
100.887
100.884
100.894
100.883
100.890
100.894
100.898
100.896
100.890
100.894
100.896
100.889
100.880
100.889
100.901
100.882
100.884
100.892
100.889
100.885
100.895
100.889
100.887
100.886
100.893
100.901
100.893
100.884
100.895
100.895
100.885
100.888
100.903
100.895
100.888
100.895
100.884
100.891
100.894
100.891
100.896
100.895
100.891
100.891
100.888
100.906
100.886
100.892
100.896
100.893
100.889
100.891
100.884
100.900
100.896
100.892
100.881
100.890
100.901
100.887
100.895
100.904
100.895
100.887
100.896
100.887
100.897
100.895
100.893
100.901
100.894
100.889
100.892
100.894
100.893
100.885
100.893
100.885
100.889
100.899
100.894
100.896
100.904
100.892
100.901
100.887
100.886
100.904
100.896
100.884
100.895
100.890
100.893
100.894
100.892
100.890
100.892
100.892
100.890
100.890
100.895
100.897
100.890
100.889
100.890
100.900
100.898
100.896
100.894
100.895
100.903
100.897
100.897
100.896
100.897
100.904
100.897
100.896
100.897
100.904
100.906
100.901
100.893
100.903
100.908
100.898
100.904
100.892
100.896
100.904
100.913
100.903
100.904
100.907
100.909
100.920
100.910
100.909
100.911
100.907
100.911
100.904
100.915
100.918
100.919
100.919
100.906
100.919
100.909
100.919
100.910
100.926
100.915
100.916
100.923
100.917
100.918
100.920
100.925
100.922
100.918
100.919
100.923
100.927
100.924
100.923
100.920
100.915
100.923
100.924
100.930
100.929
100.918
100.920
100.928
100.933
100.927
100.926
100.928
100.923
100.929
100.925
100.924
100.931
100.926
100.933
100.922
100.926
100.924
100.931
100.931
100.934
100.934
100.934
100.920
100.922
100.933
100.928
100.935
100.931
100.939
100.931
100.923
100.927
100.932
100.921
100.928
100.928
100.940
100.924
100.931
100.927
100.933
100.928
100.933
100.928
100.935
100.931
100.941
100.927
100.937
100.935
100.927
100.927
100.934
100.939
100.928
100.932
100.921
100.925
100.931
100.919
100.926
100.923
100.923
100.928
100.933
100.926
